NAME : KAGGLE.42680.tour
COMMENT : Length = 42680
COMMENT : Found by LKH [Keld Helsgaun] Mon Dec 10 22:27:27 2018
TYPE : TOUR
DIMENSION : 1002
TOUR_SECTION
1
10
9
8
7
6
5
4
3
863
862
861
870
869
868
867
866
865
864
554
553
552
551
560
559
558
557
556
555
805
804
803
802
801
810
809
808
807
806
466
465
464
463
462
461
470
469
468
467
737
736
735
734
733
732
731
740
739
738
108
107
106
105
104
103
102
101
110
109
149
148
147
146
145
144
644
643
143
142
642
641
141
150
650
649
648
647
646
645
295
294
293
292
291
300
299
298
297
296
996
995
994
993
992
991
1000
999
998
997
137
136
135
134
133
132
131
140
139
138
828
827
826
825
824
823
822
821
830
829
879
878
877
876
875
874
873
872
871
880
400
399
398
397
396
395
394
393
392
391
611
620
619
618
617
616
615
614
613
612
82
81
90
89
88
87
86
85
84
83
63
62
61
70
69
68
67
66
526
525
65
64
524
523
522
521
530
529
528
527
347
346
345
344
343
342
341
350
349
348
48
47
46
45
44
43
42
41
50
49
229
228
227
226
225
224
223
222
221
230
940
939
938
937
936
935
934
933
932
931
671
680
679
678
677
676
675
674
673
672
282
281
290
289
288
287
286
285
284
283
123
122
121
130
129
128
127
126
125
124
184
183
182
181
190
189
188
187
186
185
605
604
603
602
601
610
609
608
607
606
886
885
884
883
882
881
890
889
888
887
487
486
485
484
483
482
481
490
489
488
718
717
716
715
714
713
712
711
720
719
669
668
667
666
665
664
663
662
661
670
920
919
918
917
916
915
914
913
912
911
21
30
29
28
27
26
25
24
23
22
232
231
240
239
238
237
236
235
234
233
853
852
851
860
859
858
857
856
855
854
894
893
892
891
900
899
898
897
896
895
835
834
833
832
831
840
839
838
837
836
176
175
174
173
172
171
180
179
178
177
547
546
545
544
543
542
541
550
549
548
278
277
276
275
274
273
272
271
280
279
779
778
777
776
775
774
773
772
771
780
340
339
338
337
336
335
334
333
332
331
31
40
39
38
37
36
35
34
33
32
252
251
260
259
258
257
256
255
254
253
843
842
841
850
849
848
847
846
845
844
654
653
652
651
660
659
658
657
656
655
985
984
983
982
981
990
989
988
987
986
326
325
324
323
322
321
330
329
328
327
567
566
565
564
563
562
561
570
569
568
168
167
166
165
164
163
162
161
170
169
749
748
747
746
745
744
743
742
741
750
510
509
508
507
506
505
504
503
502
501
311
320
319
318
317
316
315
314
313
312
492
491
500
499
498
497
496
495
494
493
973
972
971
980
979
978
977
976
975
974
724
723
722
721
730
729
728
727
726
725
905
904
903
902
901
910
909
908
907
906
586
216
215
585
584
214
213
583
582
581
590
589
588
438
437
436
435
434
433
432
431
440
439
99
98
97
96
95
94
93
92
91
100
760
759
758
757
756
755
754
753
752
751
471
480
479
478
477
476
475
474
473
472
212
211
220
219
218
217
587
517
516
515
514
513
512
511
520
519
518
958
957
956
955
954
953
952
951
960
959
699
698
697
696
695
694
693
692
691
700
270
269
268
267
266
265
264
263
262
261
591
600
599
598
597
596
595
594
593
592
942
941
950
949
948
947
946
945
944
943
633
632
631
640
20
19
639
638
18
17
637
636
16
15
635
634
14
13
12
11
571
580
579
578
577
576
575
574
573
572
962
961
970
969
968
967
966
965
964
963
243
242
241
250
249
248
247
246
245
244
784
783
782
781
790
789
788
787
786
785
155
154
153
152
151
160
159
158
157
156
206
205
204
203
202
201
210
209
208
207
407
406
405
404
403
402
401
410
409
408
928
927
926
925
924
923
922
921
930
929
689
688
687
686
685
684
683
682
681
690
450
449
448
447
446
445
444
443
413
412
411
420
419
418
417
416
415
414
384
383
382
381
390
389
388
387
367
366
386
385
365
364
363
362
361
370
369
368
768
767
766
765
764
763
762
761
770
769
59
58
57
56
55
54
53
52
51
60
630
629
628
627
626
625
624
623
622
621
791
800
799
798
797
796
795
794
793
792
442
441
701
710
709
708
707
706
705
704
703
702
532
531
540
539
538
537
536
535
534
533
373
372
371
380
379
378
377
376
375
374
194
193
192
191
200
199
198
197
196
195
425
424
423
422
421
430
429
428
427
426
76
75
74
73
72
71
80
79
78
77
357
356
355
354
353
352
351
360
359
358
818
817
816
815
814
813
812
811
820
819
459
458
457
456
455
454
453
452
451
460
310
309
308
307
306
305
304
303
302
301
111
120
119
118
117
116
115
114
113
112
1002
1001
2
-1
EOF
