NAME : KAGGLE
TYPE : ATSP
DIMENSION : 102
EDGE_WEIGHT_TYPE: EXPLICIT
EDGE_WEIGHT_FORMAT: FULL_MATRIX 
EDGE_WEIGHT_SECTION
100 1000000 1000000 1000000 1000000 1000000 1000000 1000000 1000000 0 4468791 1000000 1000000 1000000 1000000 1000000 1000000 1000000 1000000 1000000 3197654 1000000 1000000 1000000 1000000 1000000 1000000 1000000 1000000 1000000 4432485 1000000 1000000 1000000 1000000 1000000 1000000 1000000 1000000 1000000 1245670 1000000 1000000 1000000 1000000 1000000 1000000 1000000 1000000 1000000 2289722 1000000 1000000 1000000 1000000 1000000 1000000 1000000 1000000 1000000 881809 1000000 1000000 1000000 1000000 1000000 1000000 1000000 1000000 1000000 3684093 1000000 1000000 1000000 1000000 1000000 1000000 1000000 1000000 1000000 1087117 1000000 1000000 1000000 1000000 1000000 1000000 1000000 1000000 1000000 3895881 1000000 1000000 1000000 1000000 1000000 1000000 1000000 1000000 1000000 1000000 275689
0 100 1000000 1000000 1000000 1000000 1000000 1000000 1000000 1000000 1000000 4915660 1000000 1000000 1000000 1000000 1000000 1000000 1000000 1000000 1000000 3517409 1000000 1000000 1000000 1000000 1000000 1000000 1000000 1000000 1000000 4875724 1000000 1000000 1000000 1000000 1000000 1000000 1000000 1000000 1000000 1370227 1000000 1000000 1000000 1000000 1000000 1000000 1000000 1000000 1000000 2518684 1000000 1000000 1000000 1000000 1000000 1000000 1000000 1000000 1000000 969980 1000000 1000000 1000000 1000000 1000000 1000000 1000000 1000000 1000000 4052492 1000000 1000000 1000000 1000000 1000000 1000000 1000000 1000000 1000000 1195819 1000000 1000000 1000000 1000000 1000000 1000000 1000000 1000000 1000000 4285459 1000000 1000000 1000000 1000000 1000000 1000000 1000000 1000000 1000000 1000000
1000000 0 100 1000000 1000000 1000000 1000000 1000000 1000000 1000000 1000000 1000000 4468791 1000000 1000000 1000000 1000000 1000000 1000000 1000000 1000000 1000000 3197654 1000000 1000000 1000000 1000000 1000000 1000000 1000000 1000000 1000000 4432485 1000000 1000000 1000000 1000000 1000000 1000000 1000000 1000000 1000000 1245670 1000000 1000000 1000000 1000000 1000000 1000000 1000000 1000000 1000000 2289722 1000000 1000000 1000000 1000000 1000000 1000000 1000000 1000000 1000000 881809 1000000 1000000 1000000 1000000 1000000 1000000 1000000 1000000 1000000 3684093 1000000 1000000 1000000 1000000 1000000 1000000 1000000 1000000 1000000 1087117 1000000 1000000 1000000 1000000 1000000 1000000 1000000 1000000 1000000 3895881 1000000 1000000 1000000 1000000 1000000 1000000 1000000 1000000 1000000
1000000 1000000 0 100 1000000 1000000 1000000 1000000 1000000 1000000 1000000 1000000 1000000 4468791 1000000 1000000 1000000 1000000 1000000 1000000 1000000 1000000 1000000 3197654 1000000 1000000 1000000 1000000 1000000 1000000 1000000 1000000 1000000 4432485 1000000 1000000 1000000 1000000 1000000 1000000 1000000 1000000 1000000 1245670 1000000 1000000 1000000 1000000 1000000 1000000 1000000 1000000 1000000 2289722 1000000 1000000 1000000 1000000 1000000 1000000 1000000 1000000 1000000 881809 1000000 1000000 1000000 1000000 1000000 1000000 1000000 1000000 1000000 3684093 1000000 1000000 1000000 1000000 1000000 1000000 1000000 1000000 1000000 1087117 1000000 1000000 1000000 1000000 1000000 1000000 1000000 1000000 1000000 3895881 1000000 1000000 1000000 1000000 1000000 1000000 1000000 1000000
1000000 1000000 1000000 0 100 1000000 1000000 1000000 1000000 1000000 1000000 1000000 1000000 1000000 4468791 1000000 1000000 1000000 1000000 1000000 1000000 1000000 1000000 1000000 3197654 1000000 1000000 1000000 1000000 1000000 1000000 1000000 1000000 1000000 4432485 1000000 1000000 1000000 1000000 1000000 1000000 1000000 1000000 1000000 1245670 1000000 1000000 1000000 1000000 1000000 1000000 1000000 1000000 1000000 2289722 1000000 1000000 1000000 1000000 1000000 1000000 1000000 1000000 1000000 881809 1000000 1000000 1000000 1000000 1000000 1000000 1000000 1000000 1000000 3684093 1000000 1000000 1000000 1000000 1000000 1000000 1000000 1000000 1000000 1087117 1000000 1000000 1000000 1000000 1000000 1000000 1000000 1000000 1000000 3895881 1000000 1000000 1000000 1000000 1000000 1000000 1000000
1000000 1000000 1000000 1000000 0 100 1000000 1000000 1000000 1000000 1000000 1000000 1000000 1000000 1000000 4468791 1000000 1000000 1000000 1000000 1000000 1000000 1000000 1000000 1000000 3197654 1000000 1000000 1000000 1000000 1000000 1000000 1000000 1000000 1000000 4432485 1000000 1000000 1000000 1000000 1000000 1000000 1000000 1000000 1000000 1245670 1000000 1000000 1000000 1000000 1000000 1000000 1000000 1000000 1000000 2289722 1000000 1000000 1000000 1000000 1000000 1000000 1000000 1000000 1000000 881809 1000000 1000000 1000000 1000000 1000000 1000000 1000000 1000000 1000000 3684093 1000000 1000000 1000000 1000000 1000000 1000000 1000000 1000000 1000000 1087117 1000000 1000000 1000000 1000000 1000000 1000000 1000000 1000000 1000000 3895881 1000000 1000000 1000000 1000000 1000000 1000000
1000000 1000000 1000000 1000000 1000000 0 100 1000000 1000000 1000000 1000000 1000000 1000000 1000000 1000000 1000000 4468791 1000000 1000000 1000000 1000000 1000000 1000000 1000000 1000000 1000000 3197654 1000000 1000000 1000000 1000000 1000000 1000000 1000000 1000000 1000000 4432485 1000000 1000000 1000000 1000000 1000000 1000000 1000000 1000000 1000000 1245670 1000000 1000000 1000000 1000000 1000000 1000000 1000000 1000000 1000000 2289722 1000000 1000000 1000000 1000000 1000000 1000000 1000000 1000000 1000000 881809 1000000 1000000 1000000 1000000 1000000 1000000 1000000 1000000 1000000 3684093 1000000 1000000 1000000 1000000 1000000 1000000 1000000 1000000 1000000 1087117 1000000 1000000 1000000 1000000 1000000 1000000 1000000 1000000 1000000 3895881 1000000 1000000 1000000 1000000 1000000
1000000 1000000 1000000 1000000 1000000 1000000 0 100 1000000 1000000 1000000 1000000 1000000 1000000 1000000 1000000 1000000 4468791 1000000 1000000 1000000 1000000 1000000 1000000 1000000 1000000 1000000 3197654 1000000 1000000 1000000 1000000 1000000 1000000 1000000 1000000 1000000 4432485 1000000 1000000 1000000 1000000 1000000 1000000 1000000 1000000 1000000 1245670 1000000 1000000 1000000 1000000 1000000 1000000 1000000 1000000 1000000 2289722 1000000 1000000 1000000 1000000 1000000 1000000 1000000 1000000 1000000 881809 1000000 1000000 1000000 1000000 1000000 1000000 1000000 1000000 1000000 3684093 1000000 1000000 1000000 1000000 1000000 1000000 1000000 1000000 1000000 1087117 1000000 1000000 1000000 1000000 1000000 1000000 1000000 1000000 1000000 3895881 1000000 1000000 1000000 1000000
1000000 1000000 1000000 1000000 1000000 1000000 1000000 0 100 1000000 1000000 1000000 1000000 1000000 1000000 1000000 1000000 1000000 4468791 1000000 1000000 1000000 1000000 1000000 1000000 1000000 1000000 1000000 3197654 1000000 1000000 1000000 1000000 1000000 1000000 1000000 1000000 1000000 4432485 1000000 1000000 1000000 1000000 1000000 1000000 1000000 1000000 1000000 1245670 1000000 1000000 1000000 1000000 1000000 1000000 1000000 1000000 1000000 2289722 1000000 1000000 1000000 1000000 1000000 1000000 1000000 1000000 1000000 881809 1000000 1000000 1000000 1000000 1000000 1000000 1000000 1000000 1000000 3684093 1000000 1000000 1000000 1000000 1000000 1000000 1000000 1000000 1000000 1087117 1000000 1000000 1000000 1000000 1000000 1000000 1000000 1000000 1000000 3895881 1000000 1000000 1000000
1000000 1000000 1000000 1000000 1000000 1000000 1000000 1000000 0 100 1000000 1000000 1000000 1000000 1000000 1000000 1000000 1000000 1000000 4468791 1000000 1000000 1000000 1000000 1000000 1000000 1000000 1000000 1000000 3197654 1000000 1000000 1000000 1000000 1000000 1000000 1000000 1000000 1000000 4432485 1000000 1000000 1000000 1000000 1000000 1000000 1000000 1000000 1000000 1245670 1000000 1000000 1000000 1000000 1000000 1000000 1000000 1000000 1000000 2289722 1000000 1000000 1000000 1000000 1000000 1000000 1000000 1000000 1000000 881809 1000000 1000000 1000000 1000000 1000000 1000000 1000000 1000000 1000000 3684093 1000000 1000000 1000000 1000000 1000000 1000000 1000000 1000000 1000000 1087117 1000000 1000000 1000000 1000000 1000000 1000000 1000000 1000000 1000000 3895881 1000000 1000000
4468791 1000000 1000000 1000000 1000000 1000000 1000000 1000000 1000000 1000000 100 1000000 1000000 1000000 1000000 1000000 1000000 1000000 1000000 0 2649612 1000000 1000000 1000000 1000000 1000000 1000000 1000000 1000000 1000000 2617899 1000000 1000000 1000000 1000000 1000000 1000000 1000000 1000000 1000000 4443701 1000000 1000000 1000000 1000000 1000000 1000000 1000000 1000000 1000000 2197754 1000000 1000000 1000000 1000000 1000000 1000000 1000000 1000000 1000000 4110956 1000000 1000000 1000000 1000000 1000000 1000000 1000000 1000000 1000000 978262 1000000 1000000 1000000 1000000 1000000 1000000 1000000 1000000 1000000 3851336 1000000 1000000 1000000 1000000 1000000 1000000 1000000 1000000 1000000 1965107 1000000 1000000 1000000 1000000 1000000 1000000 1000000 1000000 1000000 1000000 4827120
1000000 4915660 1000000 1000000 1000000 1000000 1000000 1000000 1000000 1000000 0 100 1000000 1000000 1000000 1000000 1000000 1000000 1000000 1000000 1000000 2914563 1000000 1000000 1000000 1000000 1000000 1000000 1000000 1000000 1000000 2879679 1000000 1000000 1000000 1000000 1000000 1000000 1000000 1000000 1000000 4888061 1000000 1000000 1000000 1000000 1000000 1000000 1000000 1000000 1000000 2417519 1000000 1000000 1000000 1000000 1000000 1000000 1000000 1000000 1000000 4522042 1000000 1000000 1000000 1000000 1000000 1000000 1000000 1000000 1000000 1076078 1000000 1000000 1000000 1000000 1000000 1000000 1000000 1000000 1000000 4236460 1000000 1000000 1000000 1000000 1000000 1000000 1000000 1000000 1000000 2161608 1000000 1000000 1000000 1000000 1000000 1000000 1000000 1000000 1000000 1000000
1000000 1000000 4468791 1000000 1000000 1000000 1000000 1000000 1000000 1000000 1000000 0 100 1000000 1000000 1000000 1000000 1000000 1000000 1000000 1000000 1000000 2649612 1000000 1000000 1000000 1000000 1000000 1000000 1000000 1000000 1000000 2617899 1000000 1000000 1000000 1000000 1000000 1000000 1000000 1000000 1000000 4443701 1000000 1000000 1000000 1000000 1000000 1000000 1000000 1000000 1000000 2197754 1000000 1000000 1000000 1000000 1000000 1000000 1000000 1000000 1000000 4110956 1000000 1000000 1000000 1000000 1000000 1000000 1000000 1000000 1000000 978262 1000000 1000000 1000000 1000000 1000000 1000000 1000000 1000000 1000000 3851336 1000000 1000000 1000000 1000000 1000000 1000000 1000000 1000000 1000000 1965107 1000000 1000000 1000000 1000000 1000000 1000000 1000000 1000000 1000000
1000000 1000000 1000000 4468791 1000000 1000000 1000000 1000000 1000000 1000000 1000000 1000000 0 100 1000000 1000000 1000000 1000000 1000000 1000000 1000000 1000000 1000000 2649612 1000000 1000000 1000000 1000000 1000000 1000000 1000000 1000000 1000000 2617899 1000000 1000000 1000000 1000000 1000000 1000000 1000000 1000000 1000000 4443701 1000000 1000000 1000000 1000000 1000000 1000000 1000000 1000000 1000000 2197754 1000000 1000000 1000000 1000000 1000000 1000000 1000000 1000000 1000000 4110956 1000000 1000000 1000000 1000000 1000000 1000000 1000000 1000000 1000000 978262 1000000 1000000 1000000 1000000 1000000 1000000 1000000 1000000 1000000 3851336 1000000 1000000 1000000 1000000 1000000 1000000 1000000 1000000 1000000 1965107 1000000 1000000 1000000 1000000 1000000 1000000 1000000 1000000
1000000 1000000 1000000 1000000 4468791 1000000 1000000 1000000 1000000 1000000 1000000 1000000 1000000 0 100 1000000 1000000 1000000 1000000 1000000 1000000 1000000 1000000 1000000 2649612 1000000 1000000 1000000 1000000 1000000 1000000 1000000 1000000 1000000 2617899 1000000 1000000 1000000 1000000 1000000 1000000 1000000 1000000 1000000 4443701 1000000 1000000 1000000 1000000 1000000 1000000 1000000 1000000 1000000 2197754 1000000 1000000 1000000 1000000 1000000 1000000 1000000 1000000 1000000 4110956 1000000 1000000 1000000 1000000 1000000 1000000 1000000 1000000 1000000 978262 1000000 1000000 1000000 1000000 1000000 1000000 1000000 1000000 1000000 3851336 1000000 1000000 1000000 1000000 1000000 1000000 1000000 1000000 1000000 1965107 1000000 1000000 1000000 1000000 1000000 1000000 1000000
1000000 1000000 1000000 1000000 1000000 4468791 1000000 1000000 1000000 1000000 1000000 1000000 1000000 1000000 0 100 1000000 1000000 1000000 1000000 1000000 1000000 1000000 1000000 1000000 2649612 1000000 1000000 1000000 1000000 1000000 1000000 1000000 1000000 1000000 2617899 1000000 1000000 1000000 1000000 1000000 1000000 1000000 1000000 1000000 4443701 1000000 1000000 1000000 1000000 1000000 1000000 1000000 1000000 1000000 2197754 1000000 1000000 1000000 1000000 1000000 1000000 1000000 1000000 1000000 4110956 1000000 1000000 1000000 1000000 1000000 1000000 1000000 1000000 1000000 978262 1000000 1000000 1000000 1000000 1000000 1000000 1000000 1000000 1000000 3851336 1000000 1000000 1000000 1000000 1000000 1000000 1000000 1000000 1000000 1965107 1000000 1000000 1000000 1000000 1000000 1000000
1000000 1000000 1000000 1000000 1000000 1000000 4468791 1000000 1000000 1000000 1000000 1000000 1000000 1000000 1000000 0 100 1000000 1000000 1000000 1000000 1000000 1000000 1000000 1000000 1000000 2649612 1000000 1000000 1000000 1000000 1000000 1000000 1000000 1000000 1000000 2617899 1000000 1000000 1000000 1000000 1000000 1000000 1000000 1000000 1000000 4443701 1000000 1000000 1000000 1000000 1000000 1000000 1000000 1000000 1000000 2197754 1000000 1000000 1000000 1000000 1000000 1000000 1000000 1000000 1000000 4110956 1000000 1000000 1000000 1000000 1000000 1000000 1000000 1000000 1000000 978262 1000000 1000000 1000000 1000000 1000000 1000000 1000000 1000000 1000000 3851336 1000000 1000000 1000000 1000000 1000000 1000000 1000000 1000000 1000000 1965107 1000000 1000000 1000000 1000000 1000000
1000000 1000000 1000000 1000000 1000000 1000000 1000000 4468791 1000000 1000000 1000000 1000000 1000000 1000000 1000000 1000000 0 100 1000000 1000000 1000000 1000000 1000000 1000000 1000000 1000000 1000000 2649612 1000000 1000000 1000000 1000000 1000000 1000000 1000000 1000000 1000000 2617899 1000000 1000000 1000000 1000000 1000000 1000000 1000000 1000000 1000000 4443701 1000000 1000000 1000000 1000000 1000000 1000000 1000000 1000000 1000000 2197754 1000000 1000000 1000000 1000000 1000000 1000000 1000000 1000000 1000000 4110956 1000000 1000000 1000000 1000000 1000000 1000000 1000000 1000000 1000000 978262 1000000 1000000 1000000 1000000 1000000 1000000 1000000 1000000 1000000 3851336 1000000 1000000 1000000 1000000 1000000 1000000 1000000 1000000 1000000 1965107 1000000 1000000 1000000 1000000
1000000 1000000 1000000 1000000 1000000 1000000 1000000 1000000 4468791 1000000 1000000 1000000 1000000 1000000 1000000 1000000 1000000 0 100 1000000 1000000 1000000 1000000 1000000 1000000 1000000 1000000 1000000 2649612 1000000 1000000 1000000 1000000 1000000 1000000 1000000 1000000 1000000 2617899 1000000 1000000 1000000 1000000 1000000 1000000 1000000 1000000 1000000 4443701 1000000 1000000 1000000 1000000 1000000 1000000 1000000 1000000 1000000 2197754 1000000 1000000 1000000 1000000 1000000 1000000 1000000 1000000 1000000 4110956 1000000 1000000 1000000 1000000 1000000 1000000 1000000 1000000 1000000 978262 1000000 1000000 1000000 1000000 1000000 1000000 1000000 1000000 1000000 3851336 1000000 1000000 1000000 1000000 1000000 1000000 1000000 1000000 1000000 1965107 1000000 1000000 1000000
1000000 1000000 1000000 1000000 1000000 1000000 1000000 1000000 1000000 4468791 1000000 1000000 1000000 1000000 1000000 1000000 1000000 1000000 0 100 1000000 1000000 1000000 1000000 1000000 1000000 1000000 1000000 1000000 2649612 1000000 1000000 1000000 1000000 1000000 1000000 1000000 1000000 1000000 2617899 1000000 1000000 1000000 1000000 1000000 1000000 1000000 1000000 1000000 4443701 1000000 1000000 1000000 1000000 1000000 1000000 1000000 1000000 1000000 2197754 1000000 1000000 1000000 1000000 1000000 1000000 1000000 1000000 1000000 4110956 1000000 1000000 1000000 1000000 1000000 1000000 1000000 1000000 1000000 978262 1000000 1000000 1000000 1000000 1000000 1000000 1000000 1000000 1000000 3851336 1000000 1000000 1000000 1000000 1000000 1000000 1000000 1000000 1000000 1965107 1000000 1000000
3197654 1000000 1000000 1000000 1000000 1000000 1000000 1000000 1000000 1000000 2649612 1000000 1000000 1000000 1000000 1000000 1000000 1000000 1000000 1000000 100 1000000 1000000 1000000 1000000 1000000 1000000 1000000 1000000 0 1239467 1000000 1000000 1000000 1000000 1000000 1000000 1000000 1000000 1000000 2478837 1000000 1000000 1000000 1000000 1000000 1000000 1000000 1000000 1000000 1696332 1000000 1000000 1000000 1000000 1000000 1000000 1000000 1000000 1000000 2426970 1000000 1000000 1000000 1000000 1000000 1000000 1000000 1000000 1000000 2620958 1000000 1000000 1000000 1000000 1000000 1000000 1000000 1000000 1000000 2156393 1000000 1000000 1000000 1000000 1000000 1000000 1000000 1000000 1000000 921898 1000000 1000000 1000000 1000000 1000000 1000000 1000000 1000000 1000000 1000000 3273719
1000000 3197654 1000000 1000000 1000000 1000000 1000000 1000000 1000000 1000000 1000000 2649612 1000000 1000000 1000000 1000000 1000000 1000000 1000000 1000000 0 100 1000000 1000000 1000000 1000000 1000000 1000000 1000000 1000000 1000000 1239467 1000000 1000000 1000000 1000000 1000000 1000000 1000000 1000000 1000000 2478837 1000000 1000000 1000000 1000000 1000000 1000000 1000000 1000000 1000000 1696332 1000000 1000000 1000000 1000000 1000000 1000000 1000000 1000000 1000000 2426970 1000000 1000000 1000000 1000000 1000000 1000000 1000000 1000000 1000000 2620958 1000000 1000000 1000000 1000000 1000000 1000000 1000000 1000000 1000000 2156393 1000000 1000000 1000000 1000000 1000000 1000000 1000000 1000000 1000000 921898 1000000 1000000 1000000 1000000 1000000 1000000 1000000 1000000 1000000 1000000
1000000 1000000 3197654 1000000 1000000 1000000 1000000 1000000 1000000 1000000 1000000 1000000 2649612 1000000 1000000 1000000 1000000 1000000 1000000 1000000 1000000 0 100 1000000 1000000 1000000 1000000 1000000 1000000 1000000 1000000 1000000 1239467 1000000 1000000 1000000 1000000 1000000 1000000 1000000 1000000 1000000 2478837 1000000 1000000 1000000 1000000 1000000 1000000 1000000 1000000 1000000 1696332 1000000 1000000 1000000 1000000 1000000 1000000 1000000 1000000 1000000 2426970 1000000 1000000 1000000 1000000 1000000 1000000 1000000 1000000 1000000 2620958 1000000 1000000 1000000 1000000 1000000 1000000 1000000 1000000 1000000 2156393 1000000 1000000 1000000 1000000 1000000 1000000 1000000 1000000 1000000 921898 1000000 1000000 1000000 1000000 1000000 1000000 1000000 1000000 1000000
1000000 1000000 1000000 3197654 1000000 1000000 1000000 1000000 1000000 1000000 1000000 1000000 1000000 2649612 1000000 1000000 1000000 1000000 1000000 1000000 1000000 1000000 0 100 1000000 1000000 1000000 1000000 1000000 1000000 1000000 1000000 1000000 1239467 1000000 1000000 1000000 1000000 1000000 1000000 1000000 1000000 1000000 2478837 1000000 1000000 1000000 1000000 1000000 1000000 1000000 1000000 1000000 1696332 1000000 1000000 1000000 1000000 1000000 1000000 1000000 1000000 1000000 2426970 1000000 1000000 1000000 1000000 1000000 1000000 1000000 1000000 1000000 2620958 1000000 1000000 1000000 1000000 1000000 1000000 1000000 1000000 1000000 2156393 1000000 1000000 1000000 1000000 1000000 1000000 1000000 1000000 1000000 921898 1000000 1000000 1000000 1000000 1000000 1000000 1000000 1000000
1000000 1000000 1000000 1000000 3197654 1000000 1000000 1000000 1000000 1000000 1000000 1000000 1000000 1000000 2649612 1000000 1000000 1000000 1000000 1000000 1000000 1000000 1000000 0 100 1000000 1000000 1000000 1000000 1000000 1000000 1000000 1000000 1000000 1239467 1000000 1000000 1000000 1000000 1000000 1000000 1000000 1000000 1000000 2478837 1000000 1000000 1000000 1000000 1000000 1000000 1000000 1000000 1000000 1696332 1000000 1000000 1000000 1000000 1000000 1000000 1000000 1000000 1000000 2426970 1000000 1000000 1000000 1000000 1000000 1000000 1000000 1000000 1000000 2620958 1000000 1000000 1000000 1000000 1000000 1000000 1000000 1000000 1000000 2156393 1000000 1000000 1000000 1000000 1000000 1000000 1000000 1000000 1000000 921898 1000000 1000000 1000000 1000000 1000000 1000000 1000000
1000000 1000000 1000000 1000000 1000000 3197654 1000000 1000000 1000000 1000000 1000000 1000000 1000000 1000000 1000000 2649612 1000000 1000000 1000000 1000000 1000000 1000000 1000000 1000000 0 100 1000000 1000000 1000000 1000000 1000000 1000000 1000000 1000000 1000000 1239467 1000000 1000000 1000000 1000000 1000000 1000000 1000000 1000000 1000000 2478837 1000000 1000000 1000000 1000000 1000000 1000000 1000000 1000000 1000000 1696332 1000000 1000000 1000000 1000000 1000000 1000000 1000000 1000000 1000000 2426970 1000000 1000000 1000000 1000000 1000000 1000000 1000000 1000000 1000000 2620958 1000000 1000000 1000000 1000000 1000000 1000000 1000000 1000000 1000000 2156393 1000000 1000000 1000000 1000000 1000000 1000000 1000000 1000000 1000000 921898 1000000 1000000 1000000 1000000 1000000 1000000
1000000 1000000 1000000 1000000 1000000 1000000 3197654 1000000 1000000 1000000 1000000 1000000 1000000 1000000 1000000 1000000 2649612 1000000 1000000 1000000 1000000 1000000 1000000 1000000 1000000 0 100 1000000 1000000 1000000 1000000 1000000 1000000 1000000 1000000 1000000 1239467 1000000 1000000 1000000 1000000 1000000 1000000 1000000 1000000 1000000 2478837 1000000 1000000 1000000 1000000 1000000 1000000 1000000 1000000 1000000 1696332 1000000 1000000 1000000 1000000 1000000 1000000 1000000 1000000 1000000 2426970 1000000 1000000 1000000 1000000 1000000 1000000 1000000 1000000 1000000 2620958 1000000 1000000 1000000 1000000 1000000 1000000 1000000 1000000 1000000 2156393 1000000 1000000 1000000 1000000 1000000 1000000 1000000 1000000 1000000 921898 1000000 1000000 1000000 1000000 1000000
1000000 1000000 1000000 1000000 1000000 1000000 1000000 3197654 1000000 1000000 1000000 1000000 1000000 1000000 1000000 1000000 1000000 2649612 1000000 1000000 1000000 1000000 1000000 1000000 1000000 1000000 0 100 1000000 1000000 1000000 1000000 1000000 1000000 1000000 1000000 1000000 1239467 1000000 1000000 1000000 1000000 1000000 1000000 1000000 1000000 1000000 2478837 1000000 1000000 1000000 1000000 1000000 1000000 1000000 1000000 1000000 1696332 1000000 1000000 1000000 1000000 1000000 1000000 1000000 1000000 1000000 2426970 1000000 1000000 1000000 1000000 1000000 1000000 1000000 1000000 1000000 2620958 1000000 1000000 1000000 1000000 1000000 1000000 1000000 1000000 1000000 2156393 1000000 1000000 1000000 1000000 1000000 1000000 1000000 1000000 1000000 921898 1000000 1000000 1000000 1000000
1000000 1000000 1000000 1000000 1000000 1000000 1000000 1000000 3197654 1000000 1000000 1000000 1000000 1000000 1000000 1000000 1000000 1000000 2649612 1000000 1000000 1000000 1000000 1000000 1000000 1000000 1000000 0 100 1000000 1000000 1000000 1000000 1000000 1000000 1000000 1000000 1000000 1239467 1000000 1000000 1000000 1000000 1000000 1000000 1000000 1000000 1000000 2478837 1000000 1000000 1000000 1000000 1000000 1000000 1000000 1000000 1000000 1696332 1000000 1000000 1000000 1000000 1000000 1000000 1000000 1000000 1000000 2426970 1000000 1000000 1000000 1000000 1000000 1000000 1000000 1000000 1000000 2620958 1000000 1000000 1000000 1000000 1000000 1000000 1000000 1000000 1000000 2156393 1000000 1000000 1000000 1000000 1000000 1000000 1000000 1000000 1000000 921898 1000000 1000000 1000000
1000000 1000000 1000000 1000000 1000000 1000000 1000000 1000000 1000000 3197654 1000000 1000000 1000000 1000000 1000000 1000000 1000000 1000000 1000000 2649612 1000000 1000000 1000000 1000000 1000000 1000000 1000000 1000000 0 100 1000000 1000000 1000000 1000000 1000000 1000000 1000000 1000000 1000000 1239467 1000000 1000000 1000000 1000000 1000000 1000000 1000000 1000000 1000000 2478837 1000000 1000000 1000000 1000000 1000000 1000000 1000000 1000000 1000000 1696332 1000000 1000000 1000000 1000000 1000000 1000000 1000000 1000000 1000000 2426970 1000000 1000000 1000000 1000000 1000000 1000000 1000000 1000000 1000000 2620958 1000000 1000000 1000000 1000000 1000000 1000000 1000000 1000000 1000000 2156393 1000000 1000000 1000000 1000000 1000000 1000000 1000000 1000000 1000000 921898 1000000 1000000
4432485 1000000 1000000 1000000 1000000 1000000 1000000 1000000 1000000 1000000 2617899 1000000 1000000 1000000 1000000 1000000 1000000 1000000 1000000 1000000 1239467 1000000 1000000 1000000 1000000 1000000 1000000 1000000 1000000 1000000 100 1000000 1000000 1000000 1000000 1000000 1000000 1000000 1000000 0 3689788 1000000 1000000 1000000 1000000 1000000 1000000 1000000 1000000 1000000 2674490 1000000 1000000 1000000 1000000 1000000 1000000 1000000 1000000 1000000 3665180 1000000 1000000 1000000 1000000 1000000 1000000 1000000 1000000 1000000 3020660 1000000 1000000 1000000 1000000 1000000 1000000 1000000 1000000 1000000 3395631 1000000 1000000 1000000 1000000 1000000 1000000 1000000 1000000 1000000 799094 1000000 1000000 1000000 1000000 1000000 1000000 1000000 1000000 1000000 1000000 4499398
1000000 4432485 1000000 1000000 1000000 1000000 1000000 1000000 1000000 1000000 1000000 2617899 1000000 1000000 1000000 1000000 1000000 1000000 1000000 1000000 1000000 1239467 1000000 1000000 1000000 1000000 1000000 1000000 1000000 1000000 0 100 1000000 1000000 1000000 1000000 1000000 1000000 1000000 1000000 1000000 3689788 1000000 1000000 1000000 1000000 1000000 1000000 1000000 1000000 1000000 2674490 1000000 1000000 1000000 1000000 1000000 1000000 1000000 1000000 1000000 3665180 1000000 1000000 1000000 1000000 1000000 1000000 1000000 1000000 1000000 3020660 1000000 1000000 1000000 1000000 1000000 1000000 1000000 1000000 1000000 3395631 1000000 1000000 1000000 1000000 1000000 1000000 1000000 1000000 1000000 799094 1000000 1000000 1000000 1000000 1000000 1000000 1000000 1000000 1000000 1000000
1000000 1000000 4432485 1000000 1000000 1000000 1000000 1000000 1000000 1000000 1000000 1000000 2617899 1000000 1000000 1000000 1000000 1000000 1000000 1000000 1000000 1000000 1239467 1000000 1000000 1000000 1000000 1000000 1000000 1000000 1000000 0 100 1000000 1000000 1000000 1000000 1000000 1000000 1000000 1000000 1000000 3689788 1000000 1000000 1000000 1000000 1000000 1000000 1000000 1000000 1000000 2674490 1000000 1000000 1000000 1000000 1000000 1000000 1000000 1000000 1000000 3665180 1000000 1000000 1000000 1000000 1000000 1000000 1000000 1000000 1000000 3020660 1000000 1000000 1000000 1000000 1000000 1000000 1000000 1000000 1000000 3395631 1000000 1000000 1000000 1000000 1000000 1000000 1000000 1000000 1000000 799094 1000000 1000000 1000000 1000000 1000000 1000000 1000000 1000000 1000000
1000000 1000000 1000000 4432485 1000000 1000000 1000000 1000000 1000000 1000000 1000000 1000000 1000000 2617899 1000000 1000000 1000000 1000000 1000000 1000000 1000000 1000000 1000000 1239467 1000000 1000000 1000000 1000000 1000000 1000000 1000000 1000000 0 100 1000000 1000000 1000000 1000000 1000000 1000000 1000000 1000000 1000000 3689788 1000000 1000000 1000000 1000000 1000000 1000000 1000000 1000000 1000000 2674490 1000000 1000000 1000000 1000000 1000000 1000000 1000000 1000000 1000000 3665180 1000000 1000000 1000000 1000000 1000000 1000000 1000000 1000000 1000000 3020660 1000000 1000000 1000000 1000000 1000000 1000000 1000000 1000000 1000000 3395631 1000000 1000000 1000000 1000000 1000000 1000000 1000000 1000000 1000000 799094 1000000 1000000 1000000 1000000 1000000 1000000 1000000 1000000
1000000 1000000 1000000 1000000 4432485 1000000 1000000 1000000 1000000 1000000 1000000 1000000 1000000 1000000 2617899 1000000 1000000 1000000 1000000 1000000 1000000 1000000 1000000 1000000 1239467 1000000 1000000 1000000 1000000 1000000 1000000 1000000 1000000 0 100 1000000 1000000 1000000 1000000 1000000 1000000 1000000 1000000 1000000 3689788 1000000 1000000 1000000 1000000 1000000 1000000 1000000 1000000 1000000 2674490 1000000 1000000 1000000 1000000 1000000 1000000 1000000 1000000 1000000 3665180 1000000 1000000 1000000 1000000 1000000 1000000 1000000 1000000 1000000 3020660 1000000 1000000 1000000 1000000 1000000 1000000 1000000 1000000 1000000 3395631 1000000 1000000 1000000 1000000 1000000 1000000 1000000 1000000 1000000 799094 1000000 1000000 1000000 1000000 1000000 1000000 1000000
1000000 1000000 1000000 1000000 1000000 4432485 1000000 1000000 1000000 1000000 1000000 1000000 1000000 1000000 1000000 2617899 1000000 1000000 1000000 1000000 1000000 1000000 1000000 1000000 1000000 1239467 1000000 1000000 1000000 1000000 1000000 1000000 1000000 1000000 0 100 1000000 1000000 1000000 1000000 1000000 1000000 1000000 1000000 1000000 3689788 1000000 1000000 1000000 1000000 1000000 1000000 1000000 1000000 1000000 2674490 1000000 1000000 1000000 1000000 1000000 1000000 1000000 1000000 1000000 3665180 1000000 1000000 1000000 1000000 1000000 1000000 1000000 1000000 1000000 3020660 1000000 1000000 1000000 1000000 1000000 1000000 1000000 1000000 1000000 3395631 1000000 1000000 1000000 1000000 1000000 1000000 1000000 1000000 1000000 799094 1000000 1000000 1000000 1000000 1000000 1000000
1000000 1000000 1000000 1000000 1000000 1000000 4432485 1000000 1000000 1000000 1000000 1000000 1000000 1000000 1000000 1000000 2617899 1000000 1000000 1000000 1000000 1000000 1000000 1000000 1000000 1000000 1239467 1000000 1000000 1000000 1000000 1000000 1000000 1000000 1000000 0 100 1000000 1000000 1000000 1000000 1000000 1000000 1000000 1000000 1000000 3689788 1000000 1000000 1000000 1000000 1000000 1000000 1000000 1000000 1000000 2674490 1000000 1000000 1000000 1000000 1000000 1000000 1000000 1000000 1000000 3665180 1000000 1000000 1000000 1000000 1000000 1000000 1000000 1000000 1000000 3020660 1000000 1000000 1000000 1000000 1000000 1000000 1000000 1000000 1000000 3395631 1000000 1000000 1000000 1000000 1000000 1000000 1000000 1000000 1000000 799094 1000000 1000000 1000000 1000000 1000000
1000000 1000000 1000000 1000000 1000000 1000000 1000000 4432485 1000000 1000000 1000000 1000000 1000000 1000000 1000000 1000000 1000000 2617899 1000000 1000000 1000000 1000000 1000000 1000000 1000000 1000000 1000000 1239467 1000000 1000000 1000000 1000000 1000000 1000000 1000000 1000000 0 100 1000000 1000000 1000000 1000000 1000000 1000000 1000000 1000000 1000000 3689788 1000000 1000000 1000000 1000000 1000000 1000000 1000000 1000000 1000000 2674490 1000000 1000000 1000000 1000000 1000000 1000000 1000000 1000000 1000000 3665180 1000000 1000000 1000000 1000000 1000000 1000000 1000000 1000000 1000000 3020660 1000000 1000000 1000000 1000000 1000000 1000000 1000000 1000000 1000000 3395631 1000000 1000000 1000000 1000000 1000000 1000000 1000000 1000000 1000000 799094 1000000 1000000 1000000 1000000
1000000 1000000 1000000 1000000 1000000 1000000 1000000 1000000 4432485 1000000 1000000 1000000 1000000 1000000 1000000 1000000 1000000 1000000 2617899 1000000 1000000 1000000 1000000 1000000 1000000 1000000 1000000 1000000 1239467 1000000 1000000 1000000 1000000 1000000 1000000 1000000 1000000 0 100 1000000 1000000 1000000 1000000 1000000 1000000 1000000 1000000 1000000 3689788 1000000 1000000 1000000 1000000 1000000 1000000 1000000 1000000 1000000 2674490 1000000 1000000 1000000 1000000 1000000 1000000 1000000 1000000 1000000 3665180 1000000 1000000 1000000 1000000 1000000 1000000 1000000 1000000 1000000 3020660 1000000 1000000 1000000 1000000 1000000 1000000 1000000 1000000 1000000 3395631 1000000 1000000 1000000 1000000 1000000 1000000 1000000 1000000 1000000 799094 1000000 1000000 1000000
1000000 1000000 1000000 1000000 1000000 1000000 1000000 1000000 1000000 4432485 1000000 1000000 1000000 1000000 1000000 1000000 1000000 1000000 1000000 2617899 1000000 1000000 1000000 1000000 1000000 1000000 1000000 1000000 1000000 1239467 1000000 1000000 1000000 1000000 1000000 1000000 1000000 1000000 0 100 1000000 1000000 1000000 1000000 1000000 1000000 1000000 1000000 1000000 3689788 1000000 1000000 1000000 1000000 1000000 1000000 1000000 1000000 1000000 2674490 1000000 1000000 1000000 1000000 1000000 1000000 1000000 1000000 1000000 3665180 1000000 1000000 1000000 1000000 1000000 1000000 1000000 1000000 1000000 3020660 1000000 1000000 1000000 1000000 1000000 1000000 1000000 1000000 1000000 3395631 1000000 1000000 1000000 1000000 1000000 1000000 1000000 1000000 1000000 799094 1000000 1000000
1245670 1000000 1000000 1000000 1000000 1000000 1000000 1000000 1000000 1000000 4443701 1000000 1000000 1000000 1000000 1000000 1000000 1000000 1000000 1000000 2478837 1000000 1000000 1000000 1000000 1000000 1000000 1000000 1000000 1000000 3689788 1000000 1000000 1000000 1000000 1000000 1000000 1000000 1000000 1000000 100 1000000 1000000 1000000 1000000 1000000 1000000 1000000 1000000 0 2320958 1000000 1000000 1000000 1000000 1000000 1000000 1000000 1000000 1000000 515385 1000000 1000000 1000000 1000000 1000000 1000000 1000000 1000000 1000000 3869944 1000000 1000000 1000000 1000000 1000000 1000000 1000000 1000000 1000000 649443 1000000 1000000 1000000 1000000 1000000 1000000 1000000 1000000 1000000 3336710 1000000 1000000 1000000 1000000 1000000 1000000 1000000 1000000 1000000 1000000 1615910
1000000 1370227 1000000 1000000 1000000 1000000 1000000 1000000 1000000 1000000 1000000 4888061 1000000 1000000 1000000 1000000 1000000 1000000 1000000 1000000 1000000 2726711 1000000 1000000 1000000 1000000 1000000 1000000 1000000 1000000 1000000 4058757 1000000 1000000 1000000 1000000 1000000 1000000 1000000 1000000 0 100 1000000 1000000 1000000 1000000 1000000 1000000 1000000 1000000 1000000 2553044 1000000 1000000 1000000 1000000 1000000 1000000 1000000 1000000 1000000 566914 1000000 1000000 1000000 1000000 1000000 1000000 1000000 1000000 1000000 4256928 1000000 1000000 1000000 1000000 1000000 1000000 1000000 1000000 1000000 714377 1000000 1000000 1000000 1000000 1000000 1000000 1000000 1000000 1000000 3670371 1000000 1000000 1000000 1000000 1000000 1000000 1000000 1000000 1000000 1000000
1000000 1000000 1245670 1000000 1000000 1000000 1000000 1000000 1000000 1000000 1000000 1000000 4443701 1000000 1000000 1000000 1000000 1000000 1000000 1000000 1000000 1000000 2478837 1000000 1000000 1000000 1000000 1000000 1000000 1000000 1000000 1000000 3689788 1000000 1000000 1000000 1000000 1000000 1000000 1000000 1000000 0 100 1000000 1000000 1000000 1000000 1000000 1000000 1000000 1000000 1000000 2320958 1000000 1000000 1000000 1000000 1000000 1000000 1000000 1000000 1000000 515385 1000000 1000000 1000000 1000000 1000000 1000000 1000000 1000000 1000000 3869944 1000000 1000000 1000000 1000000 1000000 1000000 1000000 1000000 1000000 649443 1000000 1000000 1000000 1000000 1000000 1000000 1000000 1000000 1000000 3336710 1000000 1000000 1000000 1000000 1000000 1000000 1000000 1000000 1000000
1000000 1000000 1000000 1245670 1000000 1000000 1000000 1000000 1000000 1000000 1000000 1000000 1000000 4443701 1000000 1000000 1000000 1000000 1000000 1000000 1000000 1000000 1000000 2478837 1000000 1000000 1000000 1000000 1000000 1000000 1000000 1000000 1000000 3689788 1000000 1000000 1000000 1000000 1000000 1000000 1000000 1000000 0 100 1000000 1000000 1000000 1000000 1000000 1000000 1000000 1000000 1000000 2320958 1000000 1000000 1000000 1000000 1000000 1000000 1000000 1000000 1000000 515385 1000000 1000000 1000000 1000000 1000000 1000000 1000000 1000000 1000000 3869944 1000000 1000000 1000000 1000000 1000000 1000000 1000000 1000000 1000000 649443 1000000 1000000 1000000 1000000 1000000 1000000 1000000 1000000 1000000 3336710 1000000 1000000 1000000 1000000 1000000 1000000 1000000 1000000
1000000 1000000 1000000 1000000 1245670 1000000 1000000 1000000 1000000 1000000 1000000 1000000 1000000 1000000 4443701 1000000 1000000 1000000 1000000 1000000 1000000 1000000 1000000 1000000 2478837 1000000 1000000 1000000 1000000 1000000 1000000 1000000 1000000 1000000 3689788 1000000 1000000 1000000 1000000 1000000 1000000 1000000 1000000 0 100 1000000 1000000 1000000 1000000 1000000 1000000 1000000 1000000 1000000 2320958 1000000 1000000 1000000 1000000 1000000 1000000 1000000 1000000 1000000 515385 1000000 1000000 1000000 1000000 1000000 1000000 1000000 1000000 1000000 3869944 1000000 1000000 1000000 1000000 1000000 1000000 1000000 1000000 1000000 649443 1000000 1000000 1000000 1000000 1000000 1000000 1000000 1000000 1000000 3336710 1000000 1000000 1000000 1000000 1000000 1000000 1000000
1000000 1000000 1000000 1000000 1000000 1245670 1000000 1000000 1000000 1000000 1000000 1000000 1000000 1000000 1000000 4443701 1000000 1000000 1000000 1000000 1000000 1000000 1000000 1000000 1000000 2478837 1000000 1000000 1000000 1000000 1000000 1000000 1000000 1000000 1000000 3689788 1000000 1000000 1000000 1000000 1000000 1000000 1000000 1000000 0 100 1000000 1000000 1000000 1000000 1000000 1000000 1000000 1000000 1000000 2320958 1000000 1000000 1000000 1000000 1000000 1000000 1000000 1000000 1000000 515385 1000000 1000000 1000000 1000000 1000000 1000000 1000000 1000000 1000000 3869944 1000000 1000000 1000000 1000000 1000000 1000000 1000000 1000000 1000000 649443 1000000 1000000 1000000 1000000 1000000 1000000 1000000 1000000 1000000 3336710 1000000 1000000 1000000 1000000 1000000 1000000
1000000 1000000 1000000 1000000 1000000 1000000 1245670 1000000 1000000 1000000 1000000 1000000 1000000 1000000 1000000 1000000 4443701 1000000 1000000 1000000 1000000 1000000 1000000 1000000 1000000 1000000 2478837 1000000 1000000 1000000 1000000 1000000 1000000 1000000 1000000 1000000 3689788 1000000 1000000 1000000 1000000 1000000 1000000 1000000 1000000 0 100 1000000 1000000 1000000 1000000 1000000 1000000 1000000 1000000 1000000 2320958 1000000 1000000 1000000 1000000 1000000 1000000 1000000 1000000 1000000 515385 1000000 1000000 1000000 1000000 1000000 1000000 1000000 1000000 1000000 3869944 1000000 1000000 1000000 1000000 1000000 1000000 1000000 1000000 1000000 649443 1000000 1000000 1000000 1000000 1000000 1000000 1000000 1000000 1000000 3336710 1000000 1000000 1000000 1000000 1000000
1000000 1000000 1000000 1000000 1000000 1000000 1000000 1245670 1000000 1000000 1000000 1000000 1000000 1000000 1000000 1000000 1000000 4443701 1000000 1000000 1000000 1000000 1000000 1000000 1000000 1000000 1000000 2478837 1000000 1000000 1000000 1000000 1000000 1000000 1000000 1000000 1000000 3689788 1000000 1000000 1000000 1000000 1000000 1000000 1000000 1000000 0 100 1000000 1000000 1000000 1000000 1000000 1000000 1000000 1000000 1000000 2320958 1000000 1000000 1000000 1000000 1000000 1000000 1000000 1000000 1000000 515385 1000000 1000000 1000000 1000000 1000000 1000000 1000000 1000000 1000000 3869944 1000000 1000000 1000000 1000000 1000000 1000000 1000000 1000000 1000000 649443 1000000 1000000 1000000 1000000 1000000 1000000 1000000 1000000 1000000 3336710 1000000 1000000 1000000 1000000
1000000 1000000 1000000 1000000 1000000 1000000 1000000 1000000 1245670 1000000 1000000 1000000 1000000 1000000 1000000 1000000 1000000 1000000 4443701 1000000 1000000 1000000 1000000 1000000 1000000 1000000 1000000 1000000 2478837 1000000 1000000 1000000 1000000 1000000 1000000 1000000 1000000 1000000 3689788 1000000 1000000 1000000 1000000 1000000 1000000 1000000 1000000 0 100 1000000 1000000 1000000 1000000 1000000 1000000 1000000 1000000 1000000 2320958 1000000 1000000 1000000 1000000 1000000 1000000 1000000 1000000 1000000 515385 1000000 1000000 1000000 1000000 1000000 1000000 1000000 1000000 1000000 3869944 1000000 1000000 1000000 1000000 1000000 1000000 1000000 1000000 1000000 649443 1000000 1000000 1000000 1000000 1000000 1000000 1000000 1000000 1000000 3336710 1000000 1000000 1000000
1000000 1000000 1000000 1000000 1000000 1000000 1000000 1000000 1000000 1245670 1000000 1000000 1000000 1000000 1000000 1000000 1000000 1000000 1000000 4443701 1000000 1000000 1000000 1000000 1000000 1000000 1000000 1000000 1000000 2478837 1000000 1000000 1000000 1000000 1000000 1000000 1000000 1000000 1000000 3689788 1000000 1000000 1000000 1000000 1000000 1000000 1000000 1000000 0 100 1000000 1000000 1000000 1000000 1000000 1000000 1000000 1000000 1000000 2320958 1000000 1000000 1000000 1000000 1000000 1000000 1000000 1000000 1000000 515385 1000000 1000000 1000000 1000000 1000000 1000000 1000000 1000000 1000000 3869944 1000000 1000000 1000000 1000000 1000000 1000000 1000000 1000000 1000000 649443 1000000 1000000 1000000 1000000 1000000 1000000 1000000 1000000 1000000 3336710 1000000 1000000
2289722 1000000 1000000 1000000 1000000 1000000 1000000 1000000 1000000 1000000 2197754 1000000 1000000 1000000 1000000 1000000 1000000 1000000 1000000 1000000 1696332 1000000 1000000 1000000 1000000 1000000 1000000 1000000 1000000 1000000 2674490 1000000 1000000 1000000 1000000 1000000 1000000 1000000 1000000 1000000 2320958 1000000 1000000 1000000 1000000 1000000 1000000 1000000 1000000 1000000 100 1000000 1000000 1000000 1000000 1000000 1000000 1000000 1000000 0 1934634 1000000 1000000 1000000 1000000 1000000 1000000 1000000 1000000 1000000 1549650 1000000 1000000 1000000 1000000 1000000 1000000 1000000 1000000 1000000 1691991 1000000 1000000 1000000 1000000 1000000 1000000 1000000 1000000 1000000 1938195 1000000 1000000 1000000 1000000 1000000 1000000 1000000 1000000 1000000 1000000 2237320
1000000 2289722 1000000 1000000 1000000 1000000 1000000 1000000 1000000 1000000 1000000 2197754 1000000 1000000 1000000 1000000 1000000 1000000 1000000 1000000 1000000 1696332 1000000 1000000 1000000 1000000 1000000 1000000 1000000 1000000 1000000 2674490 1000000 1000000 1000000 1000000 1000000 1000000 1000000 1000000 1000000 2320958 1000000 1000000 1000000 1000000 1000000 1000000 1000000 1000000 0 100 1000000 1000000 1000000 1000000 1000000 1000000 1000000 1000000 1000000 1934634 1000000 1000000 1000000 1000000 1000000 1000000 1000000 1000000 1000000 1549650 1000000 1000000 1000000 1000000 1000000 1000000 1000000 1000000 1000000 1691991 1000000 1000000 1000000 1000000 1000000 1000000 1000000 1000000 1000000 1938195 1000000 1000000 1000000 1000000 1000000 1000000 1000000 1000000 1000000 1000000
1000000 1000000 2289722 1000000 1000000 1000000 1000000 1000000 1000000 1000000 1000000 1000000 2197754 1000000 1000000 1000000 1000000 1000000 1000000 1000000 1000000 1000000 1696332 1000000 1000000 1000000 1000000 1000000 1000000 1000000 1000000 1000000 2674490 1000000 1000000 1000000 1000000 1000000 1000000 1000000 1000000 1000000 2320958 1000000 1000000 1000000 1000000 1000000 1000000 1000000 1000000 0 100 1000000 1000000 1000000 1000000 1000000 1000000 1000000 1000000 1000000 1934634 1000000 1000000 1000000 1000000 1000000 1000000 1000000 1000000 1000000 1549650 1000000 1000000 1000000 1000000 1000000 1000000 1000000 1000000 1000000 1691991 1000000 1000000 1000000 1000000 1000000 1000000 1000000 1000000 1000000 1938195 1000000 1000000 1000000 1000000 1000000 1000000 1000000 1000000 1000000
1000000 1000000 1000000 2289722 1000000 1000000 1000000 1000000 1000000 1000000 1000000 1000000 1000000 2197754 1000000 1000000 1000000 1000000 1000000 1000000 1000000 1000000 1000000 1696332 1000000 1000000 1000000 1000000 1000000 1000000 1000000 1000000 1000000 2674490 1000000 1000000 1000000 1000000 1000000 1000000 1000000 1000000 1000000 2320958 1000000 1000000 1000000 1000000 1000000 1000000 1000000 1000000 0 100 1000000 1000000 1000000 1000000 1000000 1000000 1000000 1000000 1000000 1934634 1000000 1000000 1000000 1000000 1000000 1000000 1000000 1000000 1000000 1549650 1000000 1000000 1000000 1000000 1000000 1000000 1000000 1000000 1000000 1691991 1000000 1000000 1000000 1000000 1000000 1000000 1000000 1000000 1000000 1938195 1000000 1000000 1000000 1000000 1000000 1000000 1000000 1000000
1000000 1000000 1000000 1000000 2289722 1000000 1000000 1000000 1000000 1000000 1000000 1000000 1000000 1000000 2197754 1000000 1000000 1000000 1000000 1000000 1000000 1000000 1000000 1000000 1696332 1000000 1000000 1000000 1000000 1000000 1000000 1000000 1000000 1000000 2674490 1000000 1000000 1000000 1000000 1000000 1000000 1000000 1000000 1000000 2320958 1000000 1000000 1000000 1000000 1000000 1000000 1000000 1000000 0 100 1000000 1000000 1000000 1000000 1000000 1000000 1000000 1000000 1000000 1934634 1000000 1000000 1000000 1000000 1000000 1000000 1000000 1000000 1000000 1549650 1000000 1000000 1000000 1000000 1000000 1000000 1000000 1000000 1000000 1691991 1000000 1000000 1000000 1000000 1000000 1000000 1000000 1000000 1000000 1938195 1000000 1000000 1000000 1000000 1000000 1000000 1000000
1000000 1000000 1000000 1000000 1000000 2289722 1000000 1000000 1000000 1000000 1000000 1000000 1000000 1000000 1000000 2197754 1000000 1000000 1000000 1000000 1000000 1000000 1000000 1000000 1000000 1696332 1000000 1000000 1000000 1000000 1000000 1000000 1000000 1000000 1000000 2674490 1000000 1000000 1000000 1000000 1000000 1000000 1000000 1000000 1000000 2320958 1000000 1000000 1000000 1000000 1000000 1000000 1000000 1000000 0 100 1000000 1000000 1000000 1000000 1000000 1000000 1000000 1000000 1000000 1934634 1000000 1000000 1000000 1000000 1000000 1000000 1000000 1000000 1000000 1549650 1000000 1000000 1000000 1000000 1000000 1000000 1000000 1000000 1000000 1691991 1000000 1000000 1000000 1000000 1000000 1000000 1000000 1000000 1000000 1938195 1000000 1000000 1000000 1000000 1000000 1000000
1000000 1000000 1000000 1000000 1000000 1000000 2289722 1000000 1000000 1000000 1000000 1000000 1000000 1000000 1000000 1000000 2197754 1000000 1000000 1000000 1000000 1000000 1000000 1000000 1000000 1000000 1696332 1000000 1000000 1000000 1000000 1000000 1000000 1000000 1000000 1000000 2674490 1000000 1000000 1000000 1000000 1000000 1000000 1000000 1000000 1000000 2320958 1000000 1000000 1000000 1000000 1000000 1000000 1000000 1000000 0 100 1000000 1000000 1000000 1000000 1000000 1000000 1000000 1000000 1000000 1934634 1000000 1000000 1000000 1000000 1000000 1000000 1000000 1000000 1000000 1549650 1000000 1000000 1000000 1000000 1000000 1000000 1000000 1000000 1000000 1691991 1000000 1000000 1000000 1000000 1000000 1000000 1000000 1000000 1000000 1938195 1000000 1000000 1000000 1000000 1000000
1000000 1000000 1000000 1000000 1000000 1000000 1000000 2289722 1000000 1000000 1000000 1000000 1000000 1000000 1000000 1000000 1000000 2197754 1000000 1000000 1000000 1000000 1000000 1000000 1000000 1000000 1000000 1696332 1000000 1000000 1000000 1000000 1000000 1000000 1000000 1000000 1000000 2674490 1000000 1000000 1000000 1000000 1000000 1000000 1000000 1000000 1000000 2320958 1000000 1000000 1000000 1000000 1000000 1000000 1000000 1000000 0 100 1000000 1000000 1000000 1000000 1000000 1000000 1000000 1000000 1000000 1934634 1000000 1000000 1000000 1000000 1000000 1000000 1000000 1000000 1000000 1549650 1000000 1000000 1000000 1000000 1000000 1000000 1000000 1000000 1000000 1691991 1000000 1000000 1000000 1000000 1000000 1000000 1000000 1000000 1000000 1938195 1000000 1000000 1000000 1000000
1000000 1000000 1000000 1000000 1000000 1000000 1000000 1000000 2289722 1000000 1000000 1000000 1000000 1000000 1000000 1000000 1000000 1000000 2197754 1000000 1000000 1000000 1000000 1000000 1000000 1000000 1000000 1000000 1696332 1000000 1000000 1000000 1000000 1000000 1000000 1000000 1000000 1000000 2674490 1000000 1000000 1000000 1000000 1000000 1000000 1000000 1000000 1000000 2320958 1000000 1000000 1000000 1000000 1000000 1000000 1000000 1000000 0 100 1000000 1000000 1000000 1000000 1000000 1000000 1000000 1000000 1000000 1934634 1000000 1000000 1000000 1000000 1000000 1000000 1000000 1000000 1000000 1549650 1000000 1000000 1000000 1000000 1000000 1000000 1000000 1000000 1000000 1691991 1000000 1000000 1000000 1000000 1000000 1000000 1000000 1000000 1000000 1938195 1000000 1000000 1000000
1000000 1000000 1000000 1000000 1000000 1000000 1000000 1000000 1000000 2289722 1000000 1000000 1000000 1000000 1000000 1000000 1000000 1000000 1000000 2197754 1000000 1000000 1000000 1000000 1000000 1000000 1000000 1000000 1000000 1696332 1000000 1000000 1000000 1000000 1000000 1000000 1000000 1000000 1000000 2674490 1000000 1000000 1000000 1000000 1000000 1000000 1000000 1000000 1000000 2320958 1000000 1000000 1000000 1000000 1000000 1000000 1000000 1000000 0 100 1000000 1000000 1000000 1000000 1000000 1000000 1000000 1000000 1000000 1934634 1000000 1000000 1000000 1000000 1000000 1000000 1000000 1000000 1000000 1549650 1000000 1000000 1000000 1000000 1000000 1000000 1000000 1000000 1000000 1691991 1000000 1000000 1000000 1000000 1000000 1000000 1000000 1000000 1000000 1938195 1000000 1000000
881809 1000000 1000000 1000000 1000000 1000000 1000000 1000000 1000000 1000000 4110956 1000000 1000000 1000000 1000000 1000000 1000000 1000000 1000000 1000000 2426970 1000000 1000000 1000000 1000000 1000000 1000000 1000000 1000000 1000000 3665180 1000000 1000000 1000000 1000000 1000000 1000000 1000000 1000000 1000000 515385 1000000 1000000 1000000 1000000 1000000 1000000 1000000 1000000 1000000 1934634 1000000 1000000 1000000 1000000 1000000 1000000 1000000 1000000 1000000 100 1000000 1000000 1000000 1000000 1000000 1000000 1000000 1000000 0 3467680 1000000 1000000 1000000 1000000 1000000 1000000 1000000 1000000 1000000 282269 1000000 1000000 1000000 1000000 1000000 1000000 1000000 1000000 1000000 3210895 1000000 1000000 1000000 1000000 1000000 1000000 1000000 1000000 1000000 1000000 1167935
1000000 969980 1000000 1000000 1000000 1000000 1000000 1000000 1000000 1000000 1000000 4522042 1000000 1000000 1000000 1000000 1000000 1000000 1000000 1000000 1000000 2669657 1000000 1000000 1000000 1000000 1000000 1000000 1000000 1000000 1000000 4031688 1000000 1000000 1000000 1000000 1000000 1000000 1000000 1000000 1000000 566914 1000000 1000000 1000000 1000000 1000000 1000000 1000000 1000000 1000000 2128087 1000000 1000000 1000000 1000000 1000000 1000000 1000000 1000000 0 100 1000000 1000000 1000000 1000000 1000000 1000000 1000000 1000000 1000000 3814438 1000000 1000000 1000000 1000000 1000000 1000000 1000000 1000000 1000000 310486 1000000 1000000 1000000 1000000 1000000 1000000 1000000 1000000 1000000 3531975 1000000 1000000 1000000 1000000 1000000 1000000 1000000 1000000 1000000 1000000
1000000 1000000 881809 1000000 1000000 1000000 1000000 1000000 1000000 1000000 1000000 1000000 4110956 1000000 1000000 1000000 1000000 1000000 1000000 1000000 1000000 1000000 2426970 1000000 1000000 1000000 1000000 1000000 1000000 1000000 1000000 1000000 3665180 1000000 1000000 1000000 1000000 1000000 1000000 1000000 1000000 1000000 515385 1000000 1000000 1000000 1000000 1000000 1000000 1000000 1000000 1000000 1934634 1000000 1000000 1000000 1000000 1000000 1000000 1000000 1000000 0 100 1000000 1000000 1000000 1000000 1000000 1000000 1000000 1000000 1000000 3467680 1000000 1000000 1000000 1000000 1000000 1000000 1000000 1000000 1000000 282269 1000000 1000000 1000000 1000000 1000000 1000000 1000000 1000000 1000000 3210895 1000000 1000000 1000000 1000000 1000000 1000000 1000000 1000000 1000000
1000000 1000000 1000000 881809 1000000 1000000 1000000 1000000 1000000 1000000 1000000 1000000 1000000 4110956 1000000 1000000 1000000 1000000 1000000 1000000 1000000 1000000 1000000 2426970 1000000 1000000 1000000 1000000 1000000 1000000 1000000 1000000 1000000 3665180 1000000 1000000 1000000 1000000 1000000 1000000 1000000 1000000 1000000 515385 1000000 1000000 1000000 1000000 1000000 1000000 1000000 1000000 1000000 1934634 1000000 1000000 1000000 1000000 1000000 1000000 1000000 1000000 0 100 1000000 1000000 1000000 1000000 1000000 1000000 1000000 1000000 1000000 3467680 1000000 1000000 1000000 1000000 1000000 1000000 1000000 1000000 1000000 282269 1000000 1000000 1000000 1000000 1000000 1000000 1000000 1000000 1000000 3210895 1000000 1000000 1000000 1000000 1000000 1000000 1000000 1000000
1000000 1000000 1000000 1000000 881809 1000000 1000000 1000000 1000000 1000000 1000000 1000000 1000000 1000000 4110956 1000000 1000000 1000000 1000000 1000000 1000000 1000000 1000000 1000000 2426970 1000000 1000000 1000000 1000000 1000000 1000000 1000000 1000000 1000000 3665180 1000000 1000000 1000000 1000000 1000000 1000000 1000000 1000000 1000000 515385 1000000 1000000 1000000 1000000 1000000 1000000 1000000 1000000 1000000 1934634 1000000 1000000 1000000 1000000 1000000 1000000 1000000 1000000 0 100 1000000 1000000 1000000 1000000 1000000 1000000 1000000 1000000 1000000 3467680 1000000 1000000 1000000 1000000 1000000 1000000 1000000 1000000 1000000 282269 1000000 1000000 1000000 1000000 1000000 1000000 1000000 1000000 1000000 3210895 1000000 1000000 1000000 1000000 1000000 1000000 1000000
1000000 1000000 1000000 1000000 1000000 881809 1000000 1000000 1000000 1000000 1000000 1000000 1000000 1000000 1000000 4110956 1000000 1000000 1000000 1000000 1000000 1000000 1000000 1000000 1000000 2426970 1000000 1000000 1000000 1000000 1000000 1000000 1000000 1000000 1000000 3665180 1000000 1000000 1000000 1000000 1000000 1000000 1000000 1000000 1000000 515385 1000000 1000000 1000000 1000000 1000000 1000000 1000000 1000000 1000000 1934634 1000000 1000000 1000000 1000000 1000000 1000000 1000000 1000000 0 100 1000000 1000000 1000000 1000000 1000000 1000000 1000000 1000000 1000000 3467680 1000000 1000000 1000000 1000000 1000000 1000000 1000000 1000000 1000000 282269 1000000 1000000 1000000 1000000 1000000 1000000 1000000 1000000 1000000 3210895 1000000 1000000 1000000 1000000 1000000 1000000
1000000 1000000 1000000 1000000 1000000 1000000 881809 1000000 1000000 1000000 1000000 1000000 1000000 1000000 1000000 1000000 4110956 1000000 1000000 1000000 1000000 1000000 1000000 1000000 1000000 1000000 2426970 1000000 1000000 1000000 1000000 1000000 1000000 1000000 1000000 1000000 3665180 1000000 1000000 1000000 1000000 1000000 1000000 1000000 1000000 1000000 515385 1000000 1000000 1000000 1000000 1000000 1000000 1000000 1000000 1000000 1934634 1000000 1000000 1000000 1000000 1000000 1000000 1000000 1000000 0 100 1000000 1000000 1000000 1000000 1000000 1000000 1000000 1000000 1000000 3467680 1000000 1000000 1000000 1000000 1000000 1000000 1000000 1000000 1000000 282269 1000000 1000000 1000000 1000000 1000000 1000000 1000000 1000000 1000000 3210895 1000000 1000000 1000000 1000000 1000000
1000000 1000000 1000000 1000000 1000000 1000000 1000000 881809 1000000 1000000 1000000 1000000 1000000 1000000 1000000 1000000 1000000 4110956 1000000 1000000 1000000 1000000 1000000 1000000 1000000 1000000 1000000 2426970 1000000 1000000 1000000 1000000 1000000 1000000 1000000 1000000 1000000 3665180 1000000 1000000 1000000 1000000 1000000 1000000 1000000 1000000 1000000 515385 1000000 1000000 1000000 1000000 1000000 1000000 1000000 1000000 1000000 1934634 1000000 1000000 1000000 1000000 1000000 1000000 1000000 1000000 0 100 1000000 1000000 1000000 1000000 1000000 1000000 1000000 1000000 1000000 3467680 1000000 1000000 1000000 1000000 1000000 1000000 1000000 1000000 1000000 282269 1000000 1000000 1000000 1000000 1000000 1000000 1000000 1000000 1000000 3210895 1000000 1000000 1000000 1000000
1000000 1000000 1000000 1000000 1000000 1000000 1000000 1000000 881809 1000000 1000000 1000000 1000000 1000000 1000000 1000000 1000000 1000000 4110956 1000000 1000000 1000000 1000000 1000000 1000000 1000000 1000000 1000000 2426970 1000000 1000000 1000000 1000000 1000000 1000000 1000000 1000000 1000000 3665180 1000000 1000000 1000000 1000000 1000000 1000000 1000000 1000000 1000000 515385 1000000 1000000 1000000 1000000 1000000 1000000 1000000 1000000 1000000 1934634 1000000 1000000 1000000 1000000 1000000 1000000 1000000 1000000 0 100 1000000 1000000 1000000 1000000 1000000 1000000 1000000 1000000 1000000 3467680 1000000 1000000 1000000 1000000 1000000 1000000 1000000 1000000 1000000 282269 1000000 1000000 1000000 1000000 1000000 1000000 1000000 1000000 1000000 3210895 1000000 1000000 1000000
1000000 1000000 1000000 1000000 1000000 1000000 1000000 1000000 1000000 881809 1000000 1000000 1000000 1000000 1000000 1000000 1000000 1000000 1000000 4110956 1000000 1000000 1000000 1000000 1000000 1000000 1000000 1000000 1000000 2426970 1000000 1000000 1000000 1000000 1000000 1000000 1000000 1000000 1000000 3665180 1000000 1000000 1000000 1000000 1000000 1000000 1000000 1000000 1000000 515385 1000000 1000000 1000000 1000000 1000000 1000000 1000000 1000000 1000000 1934634 1000000 1000000 1000000 1000000 1000000 1000000 1000000 1000000 0 100 1000000 1000000 1000000 1000000 1000000 1000000 1000000 1000000 1000000 3467680 1000000 1000000 1000000 1000000 1000000 1000000 1000000 1000000 1000000 282269 1000000 1000000 1000000 1000000 1000000 1000000 1000000 1000000 1000000 3210895 1000000 1000000
3684093 1000000 1000000 1000000 1000000 1000000 1000000 1000000 1000000 1000000 978262 1000000 1000000 1000000 1000000 1000000 1000000 1000000 1000000 1000000 2620958 1000000 1000000 1000000 1000000 1000000 1000000 1000000 1000000 1000000 3020660 1000000 1000000 1000000 1000000 1000000 1000000 1000000 1000000 1000000 3869944 1000000 1000000 1000000 1000000 1000000 1000000 1000000 1000000 1000000 1549650 1000000 1000000 1000000 1000000 1000000 1000000 1000000 1000000 1000000 3467680 1000000 1000000 1000000 1000000 1000000 1000000 1000000 1000000 1000000 100 1000000 1000000 1000000 1000000 1000000 1000000 1000000 1000000 0 3236071 1000000 1000000 1000000 1000000 1000000 1000000 1000000 1000000 1000000 2243600 1000000 1000000 1000000 1000000 1000000 1000000 1000000 1000000 1000000 1000000 3571254
1000000 3684093 1000000 1000000 1000000 1000000 1000000 1000000 1000000 1000000 1000000 978262 1000000 1000000 1000000 1000000 1000000 1000000 1000000 1000000 1000000 2620958 1000000 1000000 1000000 1000000 1000000 1000000 1000000 1000000 1000000 3020660 1000000 1000000 1000000 1000000 1000000 1000000 1000000 1000000 1000000 3869944 1000000 1000000 1000000 1000000 1000000 1000000 1000000 1000000 1000000 1549650 1000000 1000000 1000000 1000000 1000000 1000000 1000000 1000000 1000000 3467680 1000000 1000000 1000000 1000000 1000000 1000000 1000000 1000000 0 100 1000000 1000000 1000000 1000000 1000000 1000000 1000000 1000000 1000000 3236071 1000000 1000000 1000000 1000000 1000000 1000000 1000000 1000000 1000000 2243600 1000000 1000000 1000000 1000000 1000000 1000000 1000000 1000000 1000000 1000000
1000000 1000000 3684093 1000000 1000000 1000000 1000000 1000000 1000000 1000000 1000000 1000000 978262 1000000 1000000 1000000 1000000 1000000 1000000 1000000 1000000 1000000 2620958 1000000 1000000 1000000 1000000 1000000 1000000 1000000 1000000 1000000 3020660 1000000 1000000 1000000 1000000 1000000 1000000 1000000 1000000 1000000 3869944 1000000 1000000 1000000 1000000 1000000 1000000 1000000 1000000 1000000 1549650 1000000 1000000 1000000 1000000 1000000 1000000 1000000 1000000 1000000 3467680 1000000 1000000 1000000 1000000 1000000 1000000 1000000 1000000 0 100 1000000 1000000 1000000 1000000 1000000 1000000 1000000 1000000 1000000 3236071 1000000 1000000 1000000 1000000 1000000 1000000 1000000 1000000 1000000 2243600 1000000 1000000 1000000 1000000 1000000 1000000 1000000 1000000 1000000
1000000 1000000 1000000 3684093 1000000 1000000 1000000 1000000 1000000 1000000 1000000 1000000 1000000 978262 1000000 1000000 1000000 1000000 1000000 1000000 1000000 1000000 1000000 2620958 1000000 1000000 1000000 1000000 1000000 1000000 1000000 1000000 1000000 3020660 1000000 1000000 1000000 1000000 1000000 1000000 1000000 1000000 1000000 3869944 1000000 1000000 1000000 1000000 1000000 1000000 1000000 1000000 1000000 1549650 1000000 1000000 1000000 1000000 1000000 1000000 1000000 1000000 1000000 3467680 1000000 1000000 1000000 1000000 1000000 1000000 1000000 1000000 0 100 1000000 1000000 1000000 1000000 1000000 1000000 1000000 1000000 1000000 3236071 1000000 1000000 1000000 1000000 1000000 1000000 1000000 1000000 1000000 2243600 1000000 1000000 1000000 1000000 1000000 1000000 1000000 1000000
1000000 1000000 1000000 1000000 3684093 1000000 1000000 1000000 1000000 1000000 1000000 1000000 1000000 1000000 978262 1000000 1000000 1000000 1000000 1000000 1000000 1000000 1000000 1000000 2620958 1000000 1000000 1000000 1000000 1000000 1000000 1000000 1000000 1000000 3020660 1000000 1000000 1000000 1000000 1000000 1000000 1000000 1000000 1000000 3869944 1000000 1000000 1000000 1000000 1000000 1000000 1000000 1000000 1000000 1549650 1000000 1000000 1000000 1000000 1000000 1000000 1000000 1000000 1000000 3467680 1000000 1000000 1000000 1000000 1000000 1000000 1000000 1000000 0 100 1000000 1000000 1000000 1000000 1000000 1000000 1000000 1000000 1000000 3236071 1000000 1000000 1000000 1000000 1000000 1000000 1000000 1000000 1000000 2243600 1000000 1000000 1000000 1000000 1000000 1000000 1000000
1000000 1000000 1000000 1000000 1000000 3684093 1000000 1000000 1000000 1000000 1000000 1000000 1000000 1000000 1000000 978262 1000000 1000000 1000000 1000000 1000000 1000000 1000000 1000000 1000000 2620958 1000000 1000000 1000000 1000000 1000000 1000000 1000000 1000000 1000000 3020660 1000000 1000000 1000000 1000000 1000000 1000000 1000000 1000000 1000000 3869944 1000000 1000000 1000000 1000000 1000000 1000000 1000000 1000000 1000000 1549650 1000000 1000000 1000000 1000000 1000000 1000000 1000000 1000000 1000000 3467680 1000000 1000000 1000000 1000000 1000000 1000000 1000000 1000000 0 100 1000000 1000000 1000000 1000000 1000000 1000000 1000000 1000000 1000000 3236071 1000000 1000000 1000000 1000000 1000000 1000000 1000000 1000000 1000000 2243600 1000000 1000000 1000000 1000000 1000000 1000000
1000000 1000000 1000000 1000000 1000000 1000000 3684093 1000000 1000000 1000000 1000000 1000000 1000000 1000000 1000000 1000000 978262 1000000 1000000 1000000 1000000 1000000 1000000 1000000 1000000 1000000 2620958 1000000 1000000 1000000 1000000 1000000 1000000 1000000 1000000 1000000 3020660 1000000 1000000 1000000 1000000 1000000 1000000 1000000 1000000 1000000 3869944 1000000 1000000 1000000 1000000 1000000 1000000 1000000 1000000 1000000 1549650 1000000 1000000 1000000 1000000 1000000 1000000 1000000 1000000 1000000 3467680 1000000 1000000 1000000 1000000 1000000 1000000 1000000 1000000 0 100 1000000 1000000 1000000 1000000 1000000 1000000 1000000 1000000 1000000 3236071 1000000 1000000 1000000 1000000 1000000 1000000 1000000 1000000 1000000 2243600 1000000 1000000 1000000 1000000 1000000
1000000 1000000 1000000 1000000 1000000 1000000 1000000 3684093 1000000 1000000 1000000 1000000 1000000 1000000 1000000 1000000 1000000 978262 1000000 1000000 1000000 1000000 1000000 1000000 1000000 1000000 1000000 2620958 1000000 1000000 1000000 1000000 1000000 1000000 1000000 1000000 1000000 3020660 1000000 1000000 1000000 1000000 1000000 1000000 1000000 1000000 1000000 3869944 1000000 1000000 1000000 1000000 1000000 1000000 1000000 1000000 1000000 1549650 1000000 1000000 1000000 1000000 1000000 1000000 1000000 1000000 1000000 3467680 1000000 1000000 1000000 1000000 1000000 1000000 1000000 1000000 0 100 1000000 1000000 1000000 1000000 1000000 1000000 1000000 1000000 1000000 3236071 1000000 1000000 1000000 1000000 1000000 1000000 1000000 1000000 1000000 2243600 1000000 1000000 1000000 1000000
1000000 1000000 1000000 1000000 1000000 1000000 1000000 1000000 3684093 1000000 1000000 1000000 1000000 1000000 1000000 1000000 1000000 1000000 978262 1000000 1000000 1000000 1000000 1000000 1000000 1000000 1000000 1000000 2620958 1000000 1000000 1000000 1000000 1000000 1000000 1000000 1000000 1000000 3020660 1000000 1000000 1000000 1000000 1000000 1000000 1000000 1000000 1000000 3869944 1000000 1000000 1000000 1000000 1000000 1000000 1000000 1000000 1000000 1549650 1000000 1000000 1000000 1000000 1000000 1000000 1000000 1000000 1000000 3467680 1000000 1000000 1000000 1000000 1000000 1000000 1000000 1000000 0 100 1000000 1000000 1000000 1000000 1000000 1000000 1000000 1000000 1000000 3236071 1000000 1000000 1000000 1000000 1000000 1000000 1000000 1000000 1000000 2243600 1000000 1000000 1000000
1000000 1000000 1000000 1000000 1000000 1000000 1000000 1000000 1000000 3684093 1000000 1000000 1000000 1000000 1000000 1000000 1000000 1000000 1000000 978262 1000000 1000000 1000000 1000000 1000000 1000000 1000000 1000000 1000000 2620958 1000000 1000000 1000000 1000000 1000000 1000000 1000000 1000000 1000000 3020660 1000000 1000000 1000000 1000000 1000000 1000000 1000000 1000000 1000000 3869944 1000000 1000000 1000000 1000000 1000000 1000000 1000000 1000000 1000000 1549650 1000000 1000000 1000000 1000000 1000000 1000000 1000000 1000000 1000000 3467680 1000000 1000000 1000000 1000000 1000000 1000000 1000000 1000000 0 100 1000000 1000000 1000000 1000000 1000000 1000000 1000000 1000000 1000000 3236071 1000000 1000000 1000000 1000000 1000000 1000000 1000000 1000000 1000000 2243600 1000000 1000000
1087117 1000000 1000000 1000000 1000000 1000000 1000000 1000000 1000000 1000000 3851336 1000000 1000000 1000000 1000000 1000000 1000000 1000000 1000000 1000000 2156393 1000000 1000000 1000000 1000000 1000000 1000000 1000000 1000000 1000000 3395631 1000000 1000000 1000000 1000000 1000000 1000000 1000000 1000000 1000000 649443 1000000 1000000 1000000 1000000 1000000 1000000 1000000 1000000 1000000 1691991 1000000 1000000 1000000 1000000 1000000 1000000 1000000 1000000 1000000 282269 1000000 1000000 1000000 1000000 1000000 1000000 1000000 1000000 1000000 3236071 1000000 1000000 1000000 1000000 1000000 1000000 1000000 1000000 1000000 100 1000000 1000000 1000000 1000000 1000000 1000000 1000000 1000000 0 2930172 1000000 1000000 1000000 1000000 1000000 1000000 1000000 1000000 1000000 1000000 1351694
1000000 1195819 1000000 1000000 1000000 1000000 1000000 1000000 1000000 1000000 1000000 4236460 1000000 1000000 1000000 1000000 1000000 1000000 1000000 1000000 1000000 2372022 1000000 1000000 1000000 1000000 1000000 1000000 1000000 1000000 1000000 3735184 1000000 1000000 1000000 1000000 1000000 1000000 1000000 1000000 1000000 714377 1000000 1000000 1000000 1000000 1000000 1000000 1000000 1000000 1000000 1861180 1000000 1000000 1000000 1000000 1000000 1000000 1000000 1000000 1000000 310486 1000000 1000000 1000000 1000000 1000000 1000000 1000000 1000000 1000000 3559668 1000000 1000000 1000000 1000000 1000000 1000000 1000000 1000000 0 100 1000000 1000000 1000000 1000000 1000000 1000000 1000000 1000000 1000000 3223179 1000000 1000000 1000000 1000000 1000000 1000000 1000000 1000000 1000000 1000000
1000000 1000000 1087117 1000000 1000000 1000000 1000000 1000000 1000000 1000000 1000000 1000000 3851336 1000000 1000000 1000000 1000000 1000000 1000000 1000000 1000000 1000000 2156393 1000000 1000000 1000000 1000000 1000000 1000000 1000000 1000000 1000000 3395631 1000000 1000000 1000000 1000000 1000000 1000000 1000000 1000000 1000000 649443 1000000 1000000 1000000 1000000 1000000 1000000 1000000 1000000 1000000 1691991 1000000 1000000 1000000 1000000 1000000 1000000 1000000 1000000 1000000 282269 1000000 1000000 1000000 1000000 1000000 1000000 1000000 1000000 1000000 3236071 1000000 1000000 1000000 1000000 1000000 1000000 1000000 1000000 0 100 1000000 1000000 1000000 1000000 1000000 1000000 1000000 1000000 1000000 2930172 1000000 1000000 1000000 1000000 1000000 1000000 1000000 1000000 1000000
1000000 1000000 1000000 1087117 1000000 1000000 1000000 1000000 1000000 1000000 1000000 1000000 1000000 3851336 1000000 1000000 1000000 1000000 1000000 1000000 1000000 1000000 1000000 2156393 1000000 1000000 1000000 1000000 1000000 1000000 1000000 1000000 1000000 3395631 1000000 1000000 1000000 1000000 1000000 1000000 1000000 1000000 1000000 649443 1000000 1000000 1000000 1000000 1000000 1000000 1000000 1000000 1000000 1691991 1000000 1000000 1000000 1000000 1000000 1000000 1000000 1000000 1000000 282269 1000000 1000000 1000000 1000000 1000000 1000000 1000000 1000000 1000000 3236071 1000000 1000000 1000000 1000000 1000000 1000000 1000000 1000000 0 100 1000000 1000000 1000000 1000000 1000000 1000000 1000000 1000000 1000000 2930172 1000000 1000000 1000000 1000000 1000000 1000000 1000000 1000000
1000000 1000000 1000000 1000000 1087117 1000000 1000000 1000000 1000000 1000000 1000000 1000000 1000000 1000000 3851336 1000000 1000000 1000000 1000000 1000000 1000000 1000000 1000000 1000000 2156393 1000000 1000000 1000000 1000000 1000000 1000000 1000000 1000000 1000000 3395631 1000000 1000000 1000000 1000000 1000000 1000000 1000000 1000000 1000000 649443 1000000 1000000 1000000 1000000 1000000 1000000 1000000 1000000 1000000 1691991 1000000 1000000 1000000 1000000 1000000 1000000 1000000 1000000 1000000 282269 1000000 1000000 1000000 1000000 1000000 1000000 1000000 1000000 1000000 3236071 1000000 1000000 1000000 1000000 1000000 1000000 1000000 1000000 0 100 1000000 1000000 1000000 1000000 1000000 1000000 1000000 1000000 1000000 2930172 1000000 1000000 1000000 1000000 1000000 1000000 1000000
1000000 1000000 1000000 1000000 1000000 1087117 1000000 1000000 1000000 1000000 1000000 1000000 1000000 1000000 1000000 3851336 1000000 1000000 1000000 1000000 1000000 1000000 1000000 1000000 1000000 2156393 1000000 1000000 1000000 1000000 1000000 1000000 1000000 1000000 1000000 3395631 1000000 1000000 1000000 1000000 1000000 1000000 1000000 1000000 1000000 649443 1000000 1000000 1000000 1000000 1000000 1000000 1000000 1000000 1000000 1691991 1000000 1000000 1000000 1000000 1000000 1000000 1000000 1000000 1000000 282269 1000000 1000000 1000000 1000000 1000000 1000000 1000000 1000000 1000000 3236071 1000000 1000000 1000000 1000000 1000000 1000000 1000000 1000000 0 100 1000000 1000000 1000000 1000000 1000000 1000000 1000000 1000000 1000000 2930172 1000000 1000000 1000000 1000000 1000000 1000000
1000000 1000000 1000000 1000000 1000000 1000000 1087117 1000000 1000000 1000000 1000000 1000000 1000000 1000000 1000000 1000000 3851336 1000000 1000000 1000000 1000000 1000000 1000000 1000000 1000000 1000000 2156393 1000000 1000000 1000000 1000000 1000000 1000000 1000000 1000000 1000000 3395631 1000000 1000000 1000000 1000000 1000000 1000000 1000000 1000000 1000000 649443 1000000 1000000 1000000 1000000 1000000 1000000 1000000 1000000 1000000 1691991 1000000 1000000 1000000 1000000 1000000 1000000 1000000 1000000 1000000 282269 1000000 1000000 1000000 1000000 1000000 1000000 1000000 1000000 1000000 3236071 1000000 1000000 1000000 1000000 1000000 1000000 1000000 1000000 0 100 1000000 1000000 1000000 1000000 1000000 1000000 1000000 1000000 1000000 2930172 1000000 1000000 1000000 1000000 1000000
1000000 1000000 1000000 1000000 1000000 1000000 1000000 1087117 1000000 1000000 1000000 1000000 1000000 1000000 1000000 1000000 1000000 3851336 1000000 1000000 1000000 1000000 1000000 1000000 1000000 1000000 1000000 2156393 1000000 1000000 1000000 1000000 1000000 1000000 1000000 1000000 1000000 3395631 1000000 1000000 1000000 1000000 1000000 1000000 1000000 1000000 1000000 649443 1000000 1000000 1000000 1000000 1000000 1000000 1000000 1000000 1000000 1691991 1000000 1000000 1000000 1000000 1000000 1000000 1000000 1000000 1000000 282269 1000000 1000000 1000000 1000000 1000000 1000000 1000000 1000000 1000000 3236071 1000000 1000000 1000000 1000000 1000000 1000000 1000000 1000000 0 100 1000000 1000000 1000000 1000000 1000000 1000000 1000000 1000000 1000000 2930172 1000000 1000000 1000000 1000000
1000000 1000000 1000000 1000000 1000000 1000000 1000000 1000000 1087117 1000000 1000000 1000000 1000000 1000000 1000000 1000000 1000000 1000000 3851336 1000000 1000000 1000000 1000000 1000000 1000000 1000000 1000000 1000000 2156393 1000000 1000000 1000000 1000000 1000000 1000000 1000000 1000000 1000000 3395631 1000000 1000000 1000000 1000000 1000000 1000000 1000000 1000000 1000000 649443 1000000 1000000 1000000 1000000 1000000 1000000 1000000 1000000 1000000 1691991 1000000 1000000 1000000 1000000 1000000 1000000 1000000 1000000 1000000 282269 1000000 1000000 1000000 1000000 1000000 1000000 1000000 1000000 1000000 3236071 1000000 1000000 1000000 1000000 1000000 1000000 1000000 1000000 0 100 1000000 1000000 1000000 1000000 1000000 1000000 1000000 1000000 1000000 2930172 1000000 1000000 1000000
1000000 1000000 1000000 1000000 1000000 1000000 1000000 1000000 1000000 1087117 1000000 1000000 1000000 1000000 1000000 1000000 1000000 1000000 1000000 3851336 1000000 1000000 1000000 1000000 1000000 1000000 1000000 1000000 1000000 2156393 1000000 1000000 1000000 1000000 1000000 1000000 1000000 1000000 1000000 3395631 1000000 1000000 1000000 1000000 1000000 1000000 1000000 1000000 1000000 649443 1000000 1000000 1000000 1000000 1000000 1000000 1000000 1000000 1000000 1691991 1000000 1000000 1000000 1000000 1000000 1000000 1000000 1000000 1000000 282269 1000000 1000000 1000000 1000000 1000000 1000000 1000000 1000000 1000000 3236071 1000000 1000000 1000000 1000000 1000000 1000000 1000000 1000000 0 100 1000000 1000000 1000000 1000000 1000000 1000000 1000000 1000000 1000000 2930172 1000000 1000000
3895881 1000000 1000000 1000000 1000000 1000000 1000000 1000000 1000000 1000000 1965107 1000000 1000000 1000000 1000000 1000000 1000000 1000000 1000000 1000000 921898 1000000 1000000 1000000 1000000 1000000 1000000 1000000 1000000 1000000 799094 1000000 1000000 1000000 1000000 1000000 1000000 1000000 1000000 1000000 3336710 1000000 1000000 1000000 1000000 1000000 1000000 1000000 1000000 1000000 1938195 1000000 1000000 1000000 1000000 1000000 1000000 1000000 1000000 1000000 3210895 1000000 1000000 1000000 1000000 1000000 1000000 1000000 1000000 1000000 2243600 1000000 1000000 1000000 1000000 1000000 1000000 1000000 1000000 1000000 2930172 1000000 1000000 1000000 1000000 1000000 1000000 1000000 1000000 1000000 100 1000000 1000000 1000000 1000000 1000000 1000000 1000000 1000000 0 1000000 4321856
1000000 4285459 1000000 1000000 1000000 1000000 1000000 1000000 1000000 1000000 1000000 2161608 1000000 1000000 1000000 1000000 1000000 1000000 1000000 1000000 1000000 1014078 1000000 1000000 1000000 1000000 1000000 1000000 1000000 1000000 1000000 878993 1000000 1000000 1000000 1000000 1000000 1000000 1000000 1000000 1000000 3670371 1000000 1000000 1000000 1000000 1000000 1000000 1000000 1000000 1000000 2132005 1000000 1000000 1000000 1000000 1000000 1000000 1000000 1000000 1000000 3531975 1000000 1000000 1000000 1000000 1000000 1000000 1000000 1000000 1000000 2467950 1000000 1000000 1000000 1000000 1000000 1000000 1000000 1000000 1000000 3223179 1000000 1000000 1000000 1000000 1000000 1000000 1000000 1000000 0 100 1000000 1000000 1000000 1000000 1000000 1000000 1000000 1000000 1000000 1000000
1000000 1000000 3895881 1000000 1000000 1000000 1000000 1000000 1000000 1000000 1000000 1000000 1965107 1000000 1000000 1000000 1000000 1000000 1000000 1000000 1000000 1000000 921898 1000000 1000000 1000000 1000000 1000000 1000000 1000000 1000000 1000000 799094 1000000 1000000 1000000 1000000 1000000 1000000 1000000 1000000 1000000 3336710 1000000 1000000 1000000 1000000 1000000 1000000 1000000 1000000 1000000 1938195 1000000 1000000 1000000 1000000 1000000 1000000 1000000 1000000 1000000 3210895 1000000 1000000 1000000 1000000 1000000 1000000 1000000 1000000 1000000 2243600 1000000 1000000 1000000 1000000 1000000 1000000 1000000 1000000 1000000 2930172 1000000 1000000 1000000 1000000 1000000 1000000 1000000 1000000 0 100 1000000 1000000 1000000 1000000 1000000 1000000 1000000 1000000 1000000
1000000 1000000 1000000 3895881 1000000 1000000 1000000 1000000 1000000 1000000 1000000 1000000 1000000 1965107 1000000 1000000 1000000 1000000 1000000 1000000 1000000 1000000 1000000 921898 1000000 1000000 1000000 1000000 1000000 1000000 1000000 1000000 1000000 799094 1000000 1000000 1000000 1000000 1000000 1000000 1000000 1000000 1000000 3336710 1000000 1000000 1000000 1000000 1000000 1000000 1000000 1000000 1000000 1938195 1000000 1000000 1000000 1000000 1000000 1000000 1000000 1000000 1000000 3210895 1000000 1000000 1000000 1000000 1000000 1000000 1000000 1000000 1000000 2243600 1000000 1000000 1000000 1000000 1000000 1000000 1000000 1000000 1000000 2930172 1000000 1000000 1000000 1000000 1000000 1000000 1000000 1000000 0 100 1000000 1000000 1000000 1000000 1000000 1000000 1000000 1000000
1000000 1000000 1000000 1000000 3895881 1000000 1000000 1000000 1000000 1000000 1000000 1000000 1000000 1000000 1965107 1000000 1000000 1000000 1000000 1000000 1000000 1000000 1000000 1000000 921898 1000000 1000000 1000000 1000000 1000000 1000000 1000000 1000000 1000000 799094 1000000 1000000 1000000 1000000 1000000 1000000 1000000 1000000 1000000 3336710 1000000 1000000 1000000 1000000 1000000 1000000 1000000 1000000 1000000 1938195 1000000 1000000 1000000 1000000 1000000 1000000 1000000 1000000 1000000 3210895 1000000 1000000 1000000 1000000 1000000 1000000 1000000 1000000 1000000 2243600 1000000 1000000 1000000 1000000 1000000 1000000 1000000 1000000 1000000 2930172 1000000 1000000 1000000 1000000 1000000 1000000 1000000 1000000 0 100 1000000 1000000 1000000 1000000 1000000 1000000 1000000
1000000 1000000 1000000 1000000 1000000 3895881 1000000 1000000 1000000 1000000 1000000 1000000 1000000 1000000 1000000 1965107 1000000 1000000 1000000 1000000 1000000 1000000 1000000 1000000 1000000 921898 1000000 1000000 1000000 1000000 1000000 1000000 1000000 1000000 1000000 799094 1000000 1000000 1000000 1000000 1000000 1000000 1000000 1000000 1000000 3336710 1000000 1000000 1000000 1000000 1000000 1000000 1000000 1000000 1000000 1938195 1000000 1000000 1000000 1000000 1000000 1000000 1000000 1000000 1000000 3210895 1000000 1000000 1000000 1000000 1000000 1000000 1000000 1000000 1000000 2243600 1000000 1000000 1000000 1000000 1000000 1000000 1000000 1000000 1000000 2930172 1000000 1000000 1000000 1000000 1000000 1000000 1000000 1000000 0 100 1000000 1000000 1000000 1000000 1000000 1000000
1000000 1000000 1000000 1000000 1000000 1000000 3895881 1000000 1000000 1000000 1000000 1000000 1000000 1000000 1000000 1000000 1965107 1000000 1000000 1000000 1000000 1000000 1000000 1000000 1000000 1000000 921898 1000000 1000000 1000000 1000000 1000000 1000000 1000000 1000000 1000000 799094 1000000 1000000 1000000 1000000 1000000 1000000 1000000 1000000 1000000 3336710 1000000 1000000 1000000 1000000 1000000 1000000 1000000 1000000 1000000 1938195 1000000 1000000 1000000 1000000 1000000 1000000 1000000 1000000 1000000 3210895 1000000 1000000 1000000 1000000 1000000 1000000 1000000 1000000 1000000 2243600 1000000 1000000 1000000 1000000 1000000 1000000 1000000 1000000 1000000 2930172 1000000 1000000 1000000 1000000 1000000 1000000 1000000 1000000 0 100 1000000 1000000 1000000 1000000 1000000
1000000 1000000 1000000 1000000 1000000 1000000 1000000 3895881 1000000 1000000 1000000 1000000 1000000 1000000 1000000 1000000 1000000 1965107 1000000 1000000 1000000 1000000 1000000 1000000 1000000 1000000 1000000 921898 1000000 1000000 1000000 1000000 1000000 1000000 1000000 1000000 1000000 799094 1000000 1000000 1000000 1000000 1000000 1000000 1000000 1000000 1000000 3336710 1000000 1000000 1000000 1000000 1000000 1000000 1000000 1000000 1000000 1938195 1000000 1000000 1000000 1000000 1000000 1000000 1000000 1000000 1000000 3210895 1000000 1000000 1000000 1000000 1000000 1000000 1000000 1000000 1000000 2243600 1000000 1000000 1000000 1000000 1000000 1000000 1000000 1000000 1000000 2930172 1000000 1000000 1000000 1000000 1000000 1000000 1000000 1000000 0 100 1000000 1000000 1000000 1000000
1000000 1000000 1000000 1000000 1000000 1000000 1000000 1000000 3895881 1000000 1000000 1000000 1000000 1000000 1000000 1000000 1000000 1000000 1965107 1000000 1000000 1000000 1000000 1000000 1000000 1000000 1000000 1000000 921898 1000000 1000000 1000000 1000000 1000000 1000000 1000000 1000000 1000000 799094 1000000 1000000 1000000 1000000 1000000 1000000 1000000 1000000 1000000 3336710 1000000 1000000 1000000 1000000 1000000 1000000 1000000 1000000 1000000 1938195 1000000 1000000 1000000 1000000 1000000 1000000 1000000 1000000 1000000 3210895 1000000 1000000 1000000 1000000 1000000 1000000 1000000 1000000 1000000 2243600 1000000 1000000 1000000 1000000 1000000 1000000 1000000 1000000 1000000 2930172 1000000 1000000 1000000 1000000 1000000 1000000 1000000 1000000 0 100 1000000 1000000 1000000
1000000 1000000 1000000 1000000 1000000 1000000 1000000 1000000 1000000 3895881 1000000 1000000 1000000 1000000 1000000 1000000 1000000 1000000 1000000 1965107 1000000 1000000 1000000 1000000 1000000 1000000 1000000 1000000 1000000 921898 1000000 1000000 1000000 1000000 1000000 1000000 1000000 1000000 1000000 799094 1000000 1000000 1000000 1000000 1000000 1000000 1000000 1000000 1000000 3336710 1000000 1000000 1000000 1000000 1000000 1000000 1000000 1000000 1000000 1938195 1000000 1000000 1000000 1000000 1000000 1000000 1000000 1000000 1000000 3210895 1000000 1000000 1000000 1000000 1000000 1000000 1000000 1000000 1000000 2243600 1000000 1000000 1000000 1000000 1000000 1000000 1000000 1000000 1000000 2930172 1000000 1000000 1000000 1000000 1000000 1000000 1000000 1000000 0 100 1000000 1000000
1000000 100 1000000 1000000 1000000 1000000 1000000 1000000 1000000 1000000 1000000 4915660 1000000 1000000 1000000 1000000 1000000 1000000 1000000 1000000 1000000 3517409 1000000 1000000 1000000 1000000 1000000 1000000 1000000 1000000 1000000 4875724 1000000 1000000 1000000 1000000 1000000 1000000 1000000 1000000 1000000 1370227 1000000 1000000 1000000 1000000 1000000 1000000 1000000 1000000 1000000 2518684 1000000 1000000 1000000 1000000 1000000 1000000 1000000 1000000 1000000 969980 1000000 1000000 1000000 1000000 1000000 1000000 1000000 1000000 1000000 4052492 1000000 1000000 1000000 1000000 1000000 1000000 1000000 1000000 1000000 1195819 1000000 1000000 1000000 1000000 1000000 1000000 1000000 1000000 1000000 4285459 1000000 1000000 1000000 1000000 1000000 1000000 1000000 1000000 1000000 1000000
1000000 1000000 1000000 1000000 1000000 1000000 1000000 1000000 1000000 1000000 1000000 1000000 1000000 1000000 1000000 1000000 1000000 1000000 1000000 1000000 1000000 1000000 1000000 1000000 1000000 1000000 1000000 1000000 1000000 1000000 1000000 1000000 1000000 1000000 1000000 1000000 1000000 1000000 1000000 1000000 1000000 1000000 1000000 1000000 1000000 1000000 1000000 1000000 1000000 1000000 1000000 1000000 1000000 1000000 1000000 1000000 1000000 1000000 1000000 1000000 1000000 1000000 1000000 1000000 1000000 1000000 1000000 1000000 1000000 1000000 1000000 1000000 1000000 1000000 1000000 1000000 1000000 1000000 1000000 1000000 1000000 1000000 1000000 1000000 1000000 1000000 1000000 1000000 1000000 1000000 1000000 1000000 1000000 1000000 1000000 1000000 1000000 1000000 1000000 1000000 0 1000000
