824
1 413 3 413 -2147483648 422 0 423 125 
2 414 6 414 -2147483648 424 0 434 4 594 303 413 422 604 555 
3 415 3 415 -2147483648 414 0 425 81 
4 416 4 416 -2147483648 415 0 426 157 436 280 
5 417 3 417 -2147483648 416 0 427 153 
6 418 4 418 -2147483648 417 0 428 125 438 321 
7 419 3 419 -2147483648 418 0 429 140 
8 420 4 420 -2147483648 419 0 430 132 440 387 
9 421 3 421 -2147483648 420 0 431 102 
10 422 4 422 -2147483648 421 0 432 157 442 416 
11 423 4 423 -2147483648 432 0 433 25 593 229 
12 424 5 424 -2147483648 423 0 434 43 414 164 594 242 
13 425 6 425 -2147483648 435 0 595 2 424 46 415 218 605 520 
14 426 5 426 -2147483648 425 0 436 14 416 195 596 266 
15 427 5 427 -2147483648 426 0 437 12 597 111 417 158 
16 428 5 428 -2147483648 427 0 438 7 418 152 598 270 
17 429 5 429 -2147483648 428 0 439 6 419 102 599 150 
18 430 5 430 -2147483648 429 0 440 31 420 127 600 305 
19 431 5 431 -2147483648 430 0 441 38 421 108 601 251 
20 432 5 432 -2147483648 431 0 442 6 422 116 602 322 
21 433 4 433 -2147483648 442 0 443 40 423 137 
22 434 6 434 -2147483648 433 0 444 27 424 404 594 421 414 529 
23 435 5 435 -2147483648 434 0 445 10 425 40 595 458 
24 436 6 436 -2147483648 446 0 435 9 426 24 596 213 416 328 
25 437 5 437 -2147483648 436 0 447 12 427 17 597 482 
26 438 6 438 -2147483648 437 0 448 7 428 27 598 300 418 368 
27 439 5 439 -2147483648 438 0 429 3 449 31 599 481 
28 440 6 440 -2147483648 439 0 430 13 450 22 600 356 420 364 
29 441 5 441 -2147483648 440 0 431 17 451 34 601 530 
30 442 6 442 -2147483648 441 0 432 9 452 14 422 378 602 398 
31 443 5 443 -2147483648 452 0 453 25 433 38 583 249 
32 444 5 444 -2147483648 443 0 454 42 434 132 584 272 
33 445 5 445 -2147483648 444 0 455 17 585 159 435 271 
34 446 5 446 -2147483648 445 0 456 18 436 29 586 217 
35 447 6 447 -2147483648 457 0 587 2 437 3 446 14 597 467 
36 448 5 448 -2147483648 447 0 438 10 458 18 588 202 
37 449 6 449 -2147483648 448 0 459 10 439 12 589 69 599 521 
38 450 5 450 -2147483648 449 0 440 15 460 16 590 247 
39 451 5 451 -2147483648 450 0 461 11 441 19 591 127 
40 452 5 452 -2147483648 451 0 442 3 462 31 592 259 
41 453 5 453 -2147483648 462 0 443 22 463 23 583 275 
42 454 5 454 -2147483648 453 0 464 5 444 30 584 119 
43 455 5 455 -2147483648 454 0 465 28 445 81 585 169 
44 456 5 456 -2147483648 455 0 466 25 586 138 446 235 
45 457 5 457 -2147483648 456 0 467 6 447 18 587 142 
46 458 5 458 -2147483648 468 0 588 1 457 10 448 25 
47 459 5 459 -2147483648 458 0 469 7 449 24 589 141 
48 460 5 460 -2147483648 459 0 470 4 450 25 590 71 
49 461 5 461 -2147483648 460 0 471 20 451 35 591 180 
50 462 5 462 -2147483648 461 0 472 9 452 24 592 102 
51 463 6 463 -2147483648 472 0 473 2 453 30 483 109 583 382 
52 464 6 464 -2147483648 463 0 474 10 454 23 484 243 574 361 
53 465 6 465 -2147483648 464 0 475 9 455 26 485 122 585 296 
54 466 6 466 -2147483648 465 0 476 3 456 47 486 235 576 357 
55 467 6 467 -2147483648 466 0 477 4 487 126 457 168 587 298 
56 468 6 468 -2147483648 467 0 478 10 458 45 488 229 578 350 
57 469 6 469 -2147483648 479 0 468 2 459 12 489 47 589 199 
58 470 6 470 -2147483648 469 0 480 6 460 11 490 290 580 356 
59 471 6 471 -2147483648 470 0 481 4 461 15 491 84 591 259 
60 472 6 472 -2147483648 471 0 482 5 462 22 492 264 582 365 
61 473 6 473 -2147483648 482 0 483 8 463 21 493 386 503 416 
62 474 6 474 -2147483648 473 0 484 5 464 21 494 163 504 304 
63 475 6 475 -2147483648 474 0 485 14 465 39 495 288 505 323 
64 476 6 476 -2147483648 475 0 486 11 466 29 496 169 506 312 
65 477 6 477 -2147483648 476 0 487 14 467 42 497 281 507 323 
66 478 6 478 -2147483648 477 0 488 5 468 124 498 175 508 310 
67 479 6 479 -2147483648 478 0 489 18 469 28 499 268 509 317 
68 480 6 480 -2147483648 490 0 479 4 470 5 500 111 510 235 
69 481 6 481 -2147483648 480 0 491 2 471 9 511 311 501 317 
70 482 6 482 -2147483648 481 0 492 4 472 17 502 149 512 313 
71 483 6 483 -2147483648 492 0 493 1 473 16 463 136 573 234 
72 484 6 484 -2147483648 483 0 494 7 474 16 464 265 574 279 
73 485 6 485 -2147483648 484 0 495 5 475 18 465 156 575 246 
74 486 6 486 -2147483648 485 0 496 6 476 16 466 266 576 282 
75 487 6 487 -2147483648 486 0 497 5 477 16 467 166 577 244 
76 488 6 488 -2147483648 487 0 498 6 478 17 578 269 468 355 
77 489 6 489 -2147483648 488 0 499 4 479 107 469 164 579 257 
78 490 6 490 -2147483648 489 0 500 8 480 13 580 275 470 302 
79 491 6 491 -2147483648 501 0 490 2 481 5 471 92 581 197 
80 492 6 492 -2147483648 491 0 482 9 502 13 472 281 582 281 
81 493 6 493 -2147483648 502 0 503 7 483 11 553 140 563 155 
82 494 6 494 -2147483648 493 0 504 2 484 15 554 63 564 124 
83 495 6 495 -2147483648 494 0 505 10 485 13 555 145 565 160 
84 496 6 496 -2147483648 495 0 506 7 486 18 556 72 566 128 
85 497 6 497 -2147483648 496 0 507 5 487 8 557 148 567 155 
86 498 6 498 -2147483648 497 0 508 5 488 12 558 71 568 133 
87 499 6 499 -2147483648 498 0 509 9 489 22 559 142 569 158 
88 500 6 500 -2147483648 499 0 510 7 560 76 490 84 570 139 
89 501 6 501 -2147483648 500 0 511 5 491 8 561 138 571 159 
90 502 6 502 -2147483648 512 0 501 2 492 3 562 33 572 96 
91 503 6 503 -2147483648 513 0 512 4 493 5 523 143 473 432 
92 504 6 504 -2147483648 503 0 514 6 494 11 524 270 474 332 
93 505 6 505 -2147483648 504 0 515 2 495 20 525 173 475 345 
94 506 6 506 -2147483648 505 0 516 9 496 12 526 255 476 334 
95 507 6 507 -2147483648 506 0 517 3 497 16 527 177 477 339 
96 508 6 508 -2147483648 507 0 518 9 498 17 528 253 478 340 
97 509 6 509 -2147483648 508 0 519 2 499 12 529 168 479 427 
98 510 6 510 -2147483648 509 0 520 2 500 21 530 250 480 338 
99 511 6 511 -2147483648 510 0 521 7 501 72 531 187 481 389 
100 512 6 512 -2147483648 511 0 522 2 502 13 532 242 482 321 
101 513 4 513 -2147483648 522 0 523 6 503 19 
102 514 4 514 -2147483648 524 0 513 1 504 3 
103 515 4 515 -2147483648 514 0 525 3 505 6 
104 516 4 516 -2147483648 515 0 526 1 506 22 
105 517 4 517 -2147483648 516 0 527 10 507 12 
106 518 4 518 -2147483648 517 0 528 4 508 24 
107 519 4 519 -2147483648 518 0 529 1 509 15 
108 520 4 520 -2147483648 519 0 530 1 510 17 
109 521 4 521 -2147483648 520 0 511 14 531 14 
110 522 4 522 -2147483648 521 0 532 1 512 57 
111 523 6 523 -2147483648 532 0 533 1 513 38 503 194 543 209 
112 524 6 524 -2147483648 523 0 534 7 514 11 544 169 504 278 
113 525 6 525 -2147483648 535 0 524 1 515 1 545 96 505 175 
114 526 6 526 -2147483648 525 0 536 4 516 6 546 177 506 273 
115 527 6 527 -2147483648 526 0 537 1 517 19 547 113 507 195 
116 528 6 528 -2147483648 527 0 518 7 538 7 548 166 508 271 
117 529 6 529 -2147483648 528 0 539 1 519 14 549 108 509 194 
118 530 6 530 -2147483648 529 0 540 7 520 9 550 172 510 273 
119 531 6 531 -2147483648 530 0 541 2 521 16 551 114 511 196 
120 532 6 532 -2147483648 531 0 542 2 522 3 552 162 512 299 
121 533 6 533 -2147483648 542 0 543 6 523 9 653 30 663 55 
122 534 6 534 -2147483648 533 0 544 3 664 15 654 20 524 40 
123 535 6 535 -2147483648 534 0 545 4 525 11 655 43 665 53 
124 536 6 536 -2147483648 535 0 546 0 526 6 666 15 656 24 
125 537 6 537 -2147483648 536 0 547 3 657 13 527 14 667 72 
126 538 6 538 -2147483648 537 0 668 0 548 9 528 25 658 26 
127 539 6 539 -2147483648 538 0 549 1 529 4 659 30 679 36 
128 540 6 540 -2147483648 539 0 550 1 660 9 530 17 670 27 
129 541 6 541 -2147483648 540 0 551 11 531 24 661 43 671 57 
130 542 6 542 -2147483648 541 0 552 4 662 11 532 16 672 31 
131 543 6 543 -2147483648 552 0 553 3 643 8 533 18 633 42 
132 544 6 544 -2147483648 543 0 554 1 534 10 644 49 634 69 
133 545 6 545 -2147483648 544 0 555 1 635 2 535 32 645 38 
134 546 6 546 -2147483648 545 0 556 1 536 8 646 13 636 42 
135 547 6 547 -2147483648 557 0 546 1 637 1 647 2 537 4 
136 548 6 548 -2147483648 547 0 558 5 538 16 648 27 638 32 
137 549 6 549 -2147483648 548 0 559 1 649 2 639 16 539 16 
138 550 6 550 -2147483648 549 0 560 3 540 9 640 27 650 32 
139 551 6 551 -2147483648 550 0 561 1 641 1 651 3 541 15 
140 552 6 552 -2147483648 551 0 562 3 542 14 652 17 642 21 
141 553 6 553 -2147483648 562 0 563 3 543 4 493 210 633 259 
142 554 6 554 -2147483648 553 0 564 2 544 5 494 124 634 141 
143 555 6 555 -2147483648 554 0 565 3 545 8 635 121 495 203 
144 556 6 556 -2147483648 555 0 566 1 546 18 636 118 496 122 
145 557 6 557 -2147483648 556 0 567 2 547 4 637 128 497 195 
146 558 6 558 -2147483648 557 0 568 0 548 1 638 97 498 122 
147 559 6 559 -2147483648 558 0 549 1 569 2 639 133 499 189 
148 560 6 560 -2147483648 559 0 570 4 550 5 640 97 500 133 
149 561 6 561 -2147483648 560 0 551 1 571 3 641 114 501 240 
150 562 6 562 -2147483648 561 0 572 7 552 8 642 94 502 132 
151 572 6 563 -2147483648 572 0 573 2 553 5 613 219 493 227 
152 563 6 564 -2147483648 563 0 574 1 554 4 614 149 494 187 
153 565 6 565 -2147483648 564 0 575 5 555 7 615 118 495 222 
154 566 6 566 -2147483648 565 0 576 4 556 9 616 143 496 186 
155 567 6 567 -2147483648 566 0 577 0 557 19 617 144 497 219 
156 568 6 568 -2147483648 567 0 578 0 558 11 618 135 498 195 
157 568 6 569 -2147483648 568 0 579 1 559 3 619 113 499 206 
158 569 6 570 -2147483648 569 0 560 3 580 4 620 123 500 195 
159 570 6 571 -2147483648 570 0 581 2 561 5 621 80 501 263 
160 571 6 572 -2147483648 571 0 582 1 562 3 622 93 502 191 
161 582 6 573 -2147483648 582 0 563 2 583 4 483 316 463 517 
162 573 6 574 -2147483648 573 0 564 4 584 6 484 353 464 457 
163 574 6 575 -2147483648 574 0 585 2 565 2 485 313 465 426 
164 575 6 576 -2147483648 575 0 566 2 586 4 486 350 466 456 
165 576 6 577 -2147483648 576 0 587 3 567 5 487 316 467 432 
166 578 5 578 -2147483648 588 0 577 2 568 20 488 357 
167 578 6 579 -2147483648 578 0 589 2 569 13 489 335 469 433 
168 579 6 580 -2147483648 579 0 590 4 570 6 490 409 470 502 
169 580 6 581 -2147483648 580 0 591 2 571 5 491 312 471 407 
170 581 6 582 -2147483648 581 0 592 4 572 10 492 375 472 476 
171 592 6 583 -2147483648 592 0 593 4 573 14 603 155 443 372 
172 583 6 584 -2147483648 583 0 574 2 594 4 604 56 454 229 
173 584 6 585 -2147483648 584 0 575 8 595 16 605 34 455 274 
174 585 6 586 -2147483648 585 0 576 4 596 8 606 80 456 259 
175 587 6 587 -2147483648 586 0 577 4 597 5 607 39 447 295 
176 588 6 588 -2147483648 587 0 578 5 598 6 608 66 458 265 
177 588 6 589 -2147483648 588 0 599 0 579 29 609 45 449 310 
178 589 6 590 -2147483648 589 0 600 2 580 23 610 47 460 243 
179 590 6 591 -2147483648 590 0 611 4 581 10 601 13 451 277 
180 591 6 592 -2147483648 591 0 602 3 582 7 612 96 462 229 
181 593 5 593 -2147483648 602 0 583 7 603 116 423 465 
182 594 4 594 -2147483648 593 0 604 4 584 28 
183 595 5 595 -2147483648 594 0 605 7 585 10 425 466 
184 596 4 596 -2147483648 595 0 586 5 606 6 
185 597 5 597 -2147483648 596 0 607 12 587 13 427 408 
186 598 4 598 -2147483648 597 0 608 1 588 5 
187 599 5 599 -2147483648 598 0 609 12 589 15 429 384 
188 600 5 600 -2147483648 610 0 599 1 590 48 430 507 
189 601 5 601 -2147483648 600 0 611 1 591 40 431 392 
190 602 6 602 -2147483648 601 0 592 14 612 32 432 445 442 518 
191 603 5 603 -2147483648 612 0 613 41 593 56 583 98 
192 604 5 604 -2147483648 603 0 594 4 614 8 584 80 
193 605 5 605 -2147483648 604 0 615 8 595 45 585 66 
194 606 5 606 -2147483648 605 0 616 7 596 14 586 85 
195 607 5 607 -2147483648 606 0 597 6 617 7 587 41 
196 608 5 608 -2147483648 607 0 618 3 598 11 588 75 
197 609 5 609 -2147483648 608 0 619 6 599 7 589 55 
198 610 5 610 -2147483648 609 0 620 6 600 8 590 101 
199 611 5 611 -2147483648 621 0 610 1 601 67 591 97 
200 612 5 612 -2147483648 611 0 622 4 602 50 592 125 
201 613 6 613 -2147483648 622 0 623 2 603 6 563 137 583 397 
202 614 6 614 -2147483648 613 0 624 5 604 42 564 206 584 466 
203 615 6 615 -2147483648 614 0 625 3 605 32 565 177 585 435 
204 616 6 616 -2147483648 615 0 626 3 606 71 566 210 586 470 
205 617 6 617 -2147483648 616 0 627 4 607 42 567 187 587 443 
206 618 6 618 -2147483648 617 0 628 10 608 31 568 197 588 435 
207 619 6 619 -2147483648 618 0 629 4 609 37 569 193 589 440 
208 620 6 620 -2147483648 619 0 630 6 610 25 570 217 590 473 
209 621 6 621 -2147483648 620 0 631 12 611 29 571 213 591 468 
210 622 6 622 -2147483648 632 0 621 1 612 127 572 257 592 509 
211 623 6 623 -2147483648 633 0 632 2 613 2 813 57 803 547 
212 624 5 624 -2147483648 623 0 634 4 614 8 554 556 
213 625 4 625 -2147483648 624 0 635 2 615 39 
214 626 4 626 -2147483648 625 0 636 3 616 23 
215 627 4 627 -2147483648 626 0 637 13 617 64 
216 628 4 628 -2147483648 627 0 638 8 618 32 
217 629 4 629 -2147483648 628 0 639 1 619 23 
218 630 4 630 -2147483648 629 0 640 10 620 33 
219 631 4 631 -2147483648 630 0 641 3 621 5 
220 632 5 632 -2147483648 631 0 622 16 642 17 812 212 
221 633 6 633 -2147483648 642 0 643 9 623 89 543 152 553 368 
222 634 6 634 -2147483648 644 0 633 1 624 17 544 148 554 216 
223 635 6 635 -2147483648 634 0 645 6 625 15 545 121 555 233 
224 636 6 636 -2147483648 635 0 646 4 626 46 546 197 556 256 
225 637 6 637 -2147483648 636 0 647 3 627 30 547 142 557 265 
226 638 6 638 -2147483648 637 0 648 5 628 63 548 178 558 247 
227 639 6 639 -2147483648 638 0 649 8 629 39 549 154 559 271 
228 640 6 640 -2147483648 639 0 650 4 630 32 550 171 560 239 
229 641 6 641 -2147483648 640 0 651 7 631 30 551 156 561 269 
230 642 6 642 -2147483648 641 0 632 3 652 6 552 188 562 256 
231 643 6 643 -2147483648 652 0 653 8 633 67 543 176 663 422 
232 644 6 644 -2147483648 643 0 654 15 634 62 544 190 664 399 
233 644 6 645 -2147483648 644 0 655 0 635 2 545 153 665 399 
234 645 6 646 -2147483648 645 0 656 4 636 8 546 172 666 384 
235 647 6 647 -2147483648 646 1 657 4 637 46 547 186 667 452 
236 648 6 648 -2147483648 647 0 658 8 638 15 548 183 668 371 
237 649 6 649 -2147483648 648 0 659 5 639 36 549 168 669 419 
238 650 6 650 -2147483648 649 0 660 11 640 23 550 195 670 418 
239 651 6 651 -2147483648 650 0 661 6 641 15 551 166 671 409 
240 652 6 652 -2147483648 651 0 662 6 642 13 552 191 672 415 
241 653 6 653 -2147483648 662 0 663 10 643 27 533 229 543 364 
242 654 6 654 -2147483648 653 0 664 3 644 52 534 205 544 394 
243 655 6 655 -2147483648 654 0 665 3 645 48 535 234 545 357 
244 655 6 656 -2147483648 655 0 666 1 646 2 536 189 546 389 
245 656 6 657 -2147483648 656 0 667 3 647 4 537 198 547 337 
246 658 6 658 -2147483648 657 1 668 1 648 46 538 227 548 413 
247 659 6 659 -2147483648 658 0 669 1 649 10 539 216 549 350 
248 660 6 660 -2147483648 659 0 670 14 650 30 540 199 550 391 
249 661 6 661 -2147483648 660 0 671 8 651 22 541 226 551 365 
250 662 6 662 -2147483648 661 0 652 7 672 7 542 196 552 383 
251 663 6 663 -2147483648 672 0 673 6 653 25 693 123 533 269 
252 664 6 664 -2147483648 663 0 674 18 654 44 694 137 534 241 
253 665 6 665 -2147483648 664 0 675 16 655 58 695 147 535 299 
254 666 6 666 -2147483648 665 0 676 4 656 53 696 136 536 232 
255 667 6 667 -2147483648 666 0 677 5 657 15 697 119 537 269 
256 668 6 668 -2147483648 667 0 678 5 658 25 698 121 538 225 
257 669 6 669 -2147483648 679 0 668 2 659 68 699 131 539 308 
258 670 6 670 -2147483648 669 0 680 9 660 27 700 141 540 230 
259 671 6 671 -2147483648 670 0 681 7 661 38 701 45 541 270 
260 672 6 672 -2147483648 671 0 682 6 662 35 702 121 542 244 
261 673 6 673 -2147483648 682 0 683 5 663 37 533 330 693 384 
262 674 6 674 -2147483648 673 0 684 3 664 20 534 296 694 392 
263 675 6 675 -2147483648 674 0 685 4 665 27 535 332 695 380 
264 676 6 676 -2147483648 675 0 686 4 666 47 536 309 696 413 
265 677 6 677 -2147483648 676 0 687 17 667 58 537 327 697 377 
266 678 6 678 -2147483648 677 0 688 3 668 19 538 319 698 415 
267 679 6 679 -2147483648 678 0 689 5 669 18 539 307 699 330 
268 680 6 680 -2147483648 690 0 679 1 670 93 540 352 700 463 
269 681 6 681 -2147483648 680 0 691 6 671 33 701 300 541 325 
270 682 6 682 -2147483648 681 0 692 12 672 46 542 309 702 386 
271 683 6 683 -2147483648 692 0 693 9 673 51 703 90 663 521 
272 684 6 684 -2147483648 683 0 694 9 674 49 704 94 664 496 
273 685 6 685 -2147483648 684 0 695 15 675 43 705 113 665 521 
274 686 6 686 -2147483648 685 0 696 13 676 40 706 97 666 506 
275 687 6 687 -2147483648 686 0 697 7 677 52 707 121 667 547 
276 688 6 688 -2147483648 687 0 698 12 678 55 708 78 668 475 
277 689 6 689 -2147483648 688 0 699 2 679 30 709 135 669 549 
278 690 6 690 -2147483648 689 0 700 7 710 32 680 34 670 496 
279 691 5 691 -2147483648 701 0 690 3 681 121 711 186 
280 692 6 692 -2147483648 691 0 712 4 702 11 682 55 672 530 
281 693 6 693 -2147483648 702 0 703 10 683 50 663 241 713 252 
282 694 6 694 -2147483648 693 0 704 11 684 37 664 213 714 351 
283 695 6 695 -2147483648 694 0 705 14 685 40 665 222 715 378 
284 696 6 696 -2147483648 695 0 706 16 686 23 666 225 716 396 
285 697 6 697 -2147483648 696 0 707 9 687 35 667 235 717 362 
286 698 6 698 -2147483648 697 0 708 13 688 35 668 210 718 408 
287 699 6 699 -2147483648 698 0 709 3 689 45 669 217 719 334 
288 700 6 700 -2147483648 699 0 710 3 690 15 670 267 720 418 
289 701 6 701 -2147483648 700 0 711 7 691 27 671 213 721 300 
290 702 6 702 -2147483648 712 0 701 3 692 133 672 326 722 467 
291 703 5 703 -2147483648 713 0 712 1 693 161 683 282 
292 704 6 704 -2147483648 703 0 714 18 694 77 684 188 724 476 
293 705 5 705 -2147483648 704 0 715 28 695 50 685 174 
294 706 5 706 -2147483648 705 0 716 34 696 54 686 145 
295 707 5 707 -2147483648 706 0 717 16 697 33 687 173 
296 708 5 708 -2147483648 707 0 718 21 698 44 688 132 
297 709 5 709 -2147483648 708 0 719 14 699 34 689 209 
298 710 5 710 -2147483648 709 0 720 24 700 68 690 105 
299 711 5 711 -2147483648 710 0 721 13 701 18 691 224 
300 712 6 712 -2147483648 711 0 722 15 702 39 692 165 732 541 
301 713 6 713 -2147483648 722 0 723 16 703 31 733 181 693 434 
302 714 5 714 -2147483648 724 0 713 9 704 202 734 454 
303 715 6 715 -2147483648 714 0 725 4 705 89 735 113 695 475 
304 716 6 716 -2147483648 715 0 726 17 706 46 736 240 746 313 
305 717 6 717 -2147483648 716 0 727 11 707 31 737 276 697 401 
306 718 6 718 -2147483648 717 0 728 9 708 31 738 314 698 449 
307 719 6 719 -2147483648 718 0 729 13 709 26 739 282 699 377 
308 720 6 720 -2147483648 719 0 730 10 710 22 740 356 700 481 
309 721 6 721 -2147483648 720 0 731 9 711 46 741 261 701 344 
310 722 6 722 -2147483648 721 0 732 3 712 10 742 391 702 501 
311 723 5 723 -2147483648 732 0 733 6 713 19 743 528 
312 724 5 724 -2147483648 723 0 734 34 714 43 744 283 
313 725 4 725 -2147483648 735 0 724 9 715 261 
314 726 5 726 -2147483648 725 0 736 24 716 131 746 197 
315 727 6 727 -2147483648 726 0 737 13 717 42 747 321 757 547 
316 728 5 728 -2147483648 727 0 738 21 718 54 748 411 
317 729 5 729 -2147483648 728 0 719 25 739 29 749 507 
318 730 5 730 -2147483648 729 0 740 25 720 27 750 400 
319 731 5 731 -2147483648 730 0 721 28 741 29 751 504 
320 732 5 732 -2147483648 731 0 742 26 722 33 752 362 
321 733 6 733 -2147483648 742 0 743 6 723 47 753 200 713 225 
322 734 6 734 -2147483648 733 0 744 7 724 32 754 438 714 495 
323 735 6 735 -2147483648 734 0 745 14 725 29 755 110 715 399 
324 736 5 736 -2147483648 746 0 735 12 726 332 756 520 
325 737 6 737 -2147483648 736 0 747 9 757 23 727 164 717 458 
326 738 6 738 -2147483648 737 0 748 25 728 58 758 153 768 321 
327 739 6 739 -2147483648 738 0 729 56 749 75 759 261 719 321 
328 740 6 740 -2147483648 739 0 750 31 730 38 760 358 720 386 
329 741 6 741 -2147483648 740 0 751 28 731 29 761 239 721 280 
330 742 6 742 -2147483648 741 0 752 25 732 29 762 382 722 424 
331 743 5 743 -2147483648 752 0 733 23 753 39 763 538 
332 744 6 744 -2147483648 743 0 754 53 734 73 764 345 724 347 
333 745 4 745 -2147483648 744 0 735 18 755 18 
334 746 6 746 -2147483648 745 0 756 28 736 35 766 211 726 540 
335 747 4 747 -2147483648 757 0 746 1 737 378 
336 748 5 748 -2147483648 747 0 758 12 768 80 738 194 
337 749 6 749 -2147483648 748 0 759 29 739 65 769 239 779 281 
338 750 6 750 -2147483648 749 0 740 26 760 28 770 328 730 408 
339 751 6 751 -2147483648 750 0 761 31 741 45 771 514 731 521 
340 752 6 752 -2147483648 751 0 762 46 742 53 772 338 732 393 
341 753 6 753 -2147483648 762 0 763 38 743 38 733 216 773 556 
342 754 5 754 -2147483648 753 0 744 26 764 56 734 477 
343 755 6 755 -2147483648 754 0 765 49 745 50 735 146 775 438 
344 756 5 756 -2147483648 755 0 746 20 766 30 736 547 
345 757 6 757 -2147483648 756 0 767 36 747 48 777 342 737 440 
346 758 4 758 -2147483648 768 0 757 34 748 497 
347 759 6 759 -2147483648 758 0 769 18 779 160 749 315 739 537 
348 760 6 760 -2147483648 759 0 770 37 750 103 780 336 790 352 
349 761 6 761 -2147483648 760 0 751 62 771 63 741 287 781 502 
350 762 5 762 -2147483648 761 0 772 17 752 61 742 425 
351 763 4 763 -2147483648 772 0 753 60 773 108 
352 764 6 764 -2147483648 763 0 754 77 774 121 744 339 784 459 
353 765 4 765 -2147483648 764 0 755 13 775 29 
354 766 6 766 -2147483648 765 0 776 34 756 43 746 216 786 329 
355 767 4 767 -2147483648 766 0 757 38 777 42 
356 768 5 768 -2147483648 767 0 778 33 758 41 788 189 
357 769 3 769 -2147483648 779 0 768 8 
358 770 5 770 -2147483648 769 0 780 13 790 29 760 383 
359 771 6 771 -2147483648 770 0 781 36 761 83 791 126 801 205 
360 772 6 772 -2147483648 771 0 782 56 762 103 792 419 752 439 
361 773 6 773 -2147483648 782 0 783 57 763 69 793 347 803 502 
362 774 4 774 -2147483648 773 0 764 50 784 54 
363 775 6 775 -2147483648 774 0 785 53 765 67 755 440 795 449 
364 776 4 776 -2147483648 775 0 766 47 786 64 
365 777 6 777 -2147483648 776 0 787 56 767 78 797 343 757 380 
366 778 4 778 -2147483648 777 0 788 18 768 24 
367 779 5 779 -2147483648 778 0 789 44 769 101 799 210 
368 780 3 780 -2147483648 790 0 779 7 
369 781 5 781 -2147483648 780 0 791 1 801 35 771 527 
370 782 6 782 -2147483648 781 0 792 63 772 125 802 137 812 153 
371 783 6 783 -2147483648 792 0 793 62 803 117 813 227 773 247 
372 784 6 784 -2147483648 783 0 794 67 774 106 824 402 764 440 
373 785 4 785 -2147483648 784 0 775 29 795 77 
374 786 5 786 -2147483648 785 0 776 56 796 114 766 334 
375 787 4 787 -2147483648 786 0 777 26 797 40 
376 788 6 788 -2147483648 787 0 778 51 798 56 768 213 808 385 
377 789 4 789 -2147483648 788 0 779 4 799 26 
378 790 5 790 -2147483648 789 0 800 12 780 78 810 236 
379 791 3 791 -2147483648 801 0 790 17 
380 792 4 792 -2147483648 791 0 802 30 812 46 
381 793 4 793 -2147483648 802 0 803 23 813 33 
382 794 5 794 -2147483648 793 0 824 45 784 265 804 388 
383 795 5 795 -2147483648 794 0 785 61 805 147 775 409 
384 796 4 796 -2147483648 795 0 786 77 806 168 
385 797 6 797 -2147483648 796 0 787 37 807 115 777 310 817 505 
386 798 4 798 -2147483648 797 0 788 26 808 59 
387 799 6 799 -2147483648 798 0 789 88 809 102 779 232 819 416 
388 800 4 800 -2147483648 799 0 810 18 790 21 
389 801 5 801 -2147483648 800 0 811 21 791 76 821 233 
390 802 3 802 -2147483648 812 0 801 3 
391 803 3 803 -2147483648 813 0 812 22 
392 804 3 804 -2147483648 803 0 824 5 
393 805 4 805 -2147483648 804 0 795 37 815 56 
394 806 5 806 -2147483648 805 0 816 54 796 77 786 459 
395 807 4 807 -2147483648 806 0 797 30 817 73 
396 808 5 808 -2147483648 807 0 798 61 818 62 788 357 
397 809 4 809 -2147483648 808 0 799 41 819 65 
398 810 5 810 -2147483648 809 0 800 83 820 98 790 310 
399 811 4 811 -2147483648 810 0 821 28 801 43 
400 812 4 812 -2147483648 811 0 822 70 802 150 
401 813 3 813 -2147483648 822 0 803 111 
402 814 3 814 -2147483648 824 0 813 35 
403 815 4 815 -2147483648 814 0 805 37 795 485 
404 816 3 816 -2147483648 815 0 806 62 
405 817 4 817 -2147483648 816 0 807 73 797 420 
406 818 3 818 -2147483648 817 0 808 51 
407 819 4 819 -2147483648 818 0 809 64 799 354 
408 820 3 820 -2147483648 819 0 810 47 
409 821 4 821 -2147483648 820 0 811 70 801 297 
410 822 3 822 -2147483648 821 0 812 41 
411 823 4 823 -2147483648 413 0 423 137 433 425 
412 0 2 824 -2147483648 823 0 
413 411 3 1 -2147483648 411 0 2 422 
414 3 4 2 -2147483648 3 0 12 164 22 529 
415 4 3 3 -2147483648 4 0 13 218 
416 5 4 4 -2147483648 5 0 14 195 24 328 
417 6 3 5 -2147483648 6 0 15 158 
418 7 4 6 -2147483648 7 0 16 152 26 368 
419 8 3 7 -2147483648 8 0 17 102 
420 9 4 8 -2147483648 9 0 18 127 28 364 
421 10 3 9 -2147483648 10 0 19 108 
422 1 4 10 -2147483648 1 0 20 116 30 378 
423 12 6 11 -2147483648 12 0 1 125 21 137 411 137 181 465 
424 2 4 12 -2147483648 2 0 13 46 22 404 
425 14 5 13 -2147483648 14 0 23 40 3 81 183 466 
426 15 4 14 -2147483648 15 0 24 24 4 157 
427 16 5 15 -2147483648 16 0 25 17 5 153 185 408 
428 17 4 16 -2147483648 17 0 26 27 6 125 
429 18 5 17 -2147483648 18 0 27 3 7 140 187 384 
430 19 5 18 -2147483648 19 0 28 13 8 132 188 507 
431 20 5 19 -2147483648 20 0 29 17 9 102 189 392 
432 11 5 20 -2147483648 11 0 30 9 10 157 190 445 
433 22 5 21 -2147483648 22 0 11 25 31 38 411 425 
434 23 5 22 -2147483648 23 0 2 4 12 43 32 132 
435 13 4 23 -2147483648 13 0 24 9 33 271 
436 25 5 24 -2147483648 25 0 14 14 34 29 4 280 
437 26 4 25 -2147483648 26 0 35 3 15 12 
438 27 5 26 -2147483648 27 0 16 7 36 10 6 321 
439 28 4 27 -2147483648 28 0 17 6 37 12 
440 29 5 28 -2147483648 29 0 38 15 18 31 8 387 
441 30 4 29 -2147483648 30 0 39 19 19 38 
442 21 6 30 -2147483648 21 0 40 3 20 6 10 416 190 518 
443 32 5 31 -2147483648 32 0 41 22 21 40 171 372 
444 33 5 32 -2147483648 33 0 22 27 42 30 172 370 
445 34 5 33 -2147483648 34 0 23 10 43 81 173 328 
446 24 5 34 -2147483648 24 0 35 14 44 235 174 555 
447 36 5 35 -2147483648 36 0 25 12 45 18 175 295 
448 37 5 36 -2147483648 37 0 26 7 46 25 176 473 
449 38 5 37 -2147483648 38 0 47 24 27 31 177 310 
450 39 5 38 -2147483648 39 0 28 22 48 25 178 428 
451 40 5 39 -2147483648 40 0 29 34 49 35 179 277 
452 31 5 40 -2147483648 31 0 30 14 50 24 180 379 
453 42 5 41 -2147483648 42 0 31 25 51 30 171 401 
454 43 5 42 -2147483648 43 0 52 23 32 42 172 229 
455 44 5 43 -2147483648 44 0 33 17 53 26 173 274 
456 45 6 44 -2147483648 45 0 34 18 54 47 174 259 24 485 
457 35 5 45 -2147483648 35 0 46 10 55 168 175 417 
458 47 5 46 -2147483648 47 0 36 18 56 45 176 265 
459 48 5 47 -2147483648 48 0 37 10 57 12 177 368 
460 49 5 48 -2147483648 49 0 58 11 38 16 178 243 
461 50 5 49 -2147483648 50 0 39 11 59 15 179 306 
462 41 5 50 -2147483648 41 0 60 22 40 31 180 229 
463 52 6 51 -2147483648 52 0 61 21 41 23 71 136 171 501 
464 53 6 52 -2147483648 53 0 42 5 62 21 72 265 162 457 
465 54 6 53 -2147483648 54 0 43 28 63 39 73 156 173 403 
466 55 6 54 -2147483648 55 0 44 25 64 29 74 266 164 456 
467 56 6 55 -2147483648 56 0 45 6 65 42 75 166 175 411 
468 46 5 56 -2147483648 46 0 57 2 66 124 76 355 
469 58 6 57 -2147483648 58 0 47 7 67 28 77 164 177 421 
470 59 6 58 -2147483648 59 0 48 4 68 5 78 302 168 502 
471 60 6 59 -2147483648 60 0 69 9 49 20 79 92 179 390 
472 51 6 60 -2147483648 51 0 50 9 70 17 80 281 170 476 
473 62 6 61 -2147483648 62 0 51 2 71 16 81 404 91 432 
474 63 6 62 -2147483648 63 0 52 10 72 16 82 182 92 332 
475 64 6 63 -2147483648 64 0 53 9 73 18 83 300 93 345 
476 65 6 64 -2147483648 65 0 54 3 74 16 84 186 94 334 
477 66 6 65 -2147483648 66 0 55 4 75 16 85 286 95 339 
478 67 6 66 -2147483648 67 0 56 10 76 17 86 193 96 340 
479 57 6 67 -2147483648 57 0 68 4 77 107 87 375 97 427 
480 69 6 68 -2147483648 69 0 58 6 78 13 88 200 98 338 
481 70 6 69 -2147483648 70 0 59 4 79 5 89 328 99 389 
482 61 6 70 -2147483648 61 0 60 5 80 9 90 144 100 321 
483 72 6 71 -2147483648 72 0 61 8 81 11 51 109 161 316 
484 73 6 72 -2147483648 73 0 62 5 82 15 52 243 162 353 
485 74 6 73 -2147483648 74 0 83 13 63 14 53 122 163 313 
486 75 6 74 -2147483648 75 0 64 11 84 18 54 235 164 350 
487 76 6 75 -2147483648 76 0 85 8 65 14 55 126 165 316 
488 77 6 76 -2147483648 77 0 66 5 86 12 56 229 166 357 
489 78 6 77 -2147483648 78 0 67 18 87 22 57 47 167 335 
490 68 6 78 -2147483648 68 0 79 2 88 84 58 290 168 409 
491 80 6 79 -2147483648 80 0 69 2 89 8 59 84 169 312 
492 71 6 80 -2147483648 71 0 90 3 70 4 60 264 170 375 
493 82 6 81 -2147483648 82 0 71 1 91 5 141 210 151 227 
494 83 6 82 -2147483648 83 0 72 7 92 11 142 124 62 163 
495 84 6 83 -2147483648 84 0 73 5 93 20 143 203 153 222 
496 85 6 84 -2147483648 85 0 74 6 94 12 144 122 64 169 
497 86 6 85 -2147483648 86 0 75 5 95 16 145 195 155 219 
498 87 6 86 -2147483648 87 0 76 6 96 17 146 122 66 175 
499 88 6 87 -2147483648 88 0 77 4 97 12 147 189 157 206 
500 89 6 88 -2147483648 89 0 78 8 98 21 68 111 148 133 
501 79 6 89 -2147483648 79 0 90 2 99 72 149 240 159 263 
502 81 6 90 -2147483648 81 0 100 13 80 13 150 132 70 149 
503 92 6 91 -2147483648 92 0 81 7 101 19 111 194 61 416 
504 93 6 92 -2147483648 93 0 82 2 102 3 112 278 62 304 
505 94 6 93 -2147483648 94 0 103 6 83 10 113 175 63 323 
506 95 6 94 -2147483648 95 0 84 7 104 22 114 273 64 312 
507 96 6 95 -2147483648 96 0 85 5 105 12 115 195 65 323 
508 97 6 96 -2147483648 97 0 86 5 106 24 116 271 66 310 
509 98 6 97 -2147483648 98 0 87 9 107 15 117 194 67 317 
510 99 6 98 -2147483648 99 0 88 7 108 17 68 235 118 273 
511 100 6 99 -2147483648 100 0 89 5 109 14 119 196 69 311 
512 90 6 100 -2147483648 90 0 91 4 110 57 120 299 70 313 
513 91 4 101 -2147483648 91 0 102 1 111 38 
514 103 4 102 -2147483648 103 0 92 6 112 11 
515 104 4 103 -2147483648 104 0 113 1 93 2 
516 105 4 104 -2147483648 105 0 114 6 94 9 
517 106 4 105 -2147483648 106 0 95 3 115 19 
518 107 4 106 -2147483648 107 0 116 7 96 9 
519 108 4 107 -2147483648 108 0 97 2 117 14 
520 109 4 108 -2147483648 109 0 98 2 118 9 
521 110 4 109 -2147483648 110 0 99 7 119 16 
522 101 4 110 -2147483648 101 0 100 2 120 3 
523 112 6 111 -2147483648 112 0 101 6 121 9 91 143 131 229 
524 102 6 112 -2147483648 102 0 113 1 122 40 132 209 92 270 
525 114 6 113 -2147483648 114 0 103 3 123 11 133 135 93 173 
526 115 6 114 -2147483648 115 0 104 1 124 6 134 187 94 255 
527 116 6 115 -2147483648 116 0 105 10 125 14 135 127 95 177 
528 117 6 116 -2147483648 117 0 106 4 126 25 136 191 96 253 
529 118 6 117 -2147483648 118 0 107 1 127 4 137 126 97 168 
530 119 6 118 -2147483648 119 0 108 1 128 17 138 190 98 250 
531 120 6 119 -2147483648 120 0 109 14 129 24 139 140 99 187 
532 111 6 120 -2147483648 111 0 110 1 130 16 140 186 100 242 
533 122 6 121 -2147483648 122 0 111 1 131 18 241 229 251 269 
534 123 6 122 -2147483648 123 0 112 7 132 10 242 205 252 241 
535 113 6 123 -2147483648 124 0 113 0 133 32 243 234 253 299 
536 125 6 124 -2147483648 125 0 114 4 134 8 244 189 254 232 
537 126 6 125 -2147483648 126 0 115 1 135 4 245 198 255 269 
538 127 6 126 -2147483648 127 0 116 7 136 16 256 225 246 227 
539 128 6 127 -2147483648 128 0 117 1 137 16 247 216 267 307 
540 129 6 128 -2147483648 129 0 118 7 138 9 248 199 258 230 
541 130 6 129 -2147483648 130 0 119 2 139 15 249 226 259 270 
542 121 6 130 -2147483648 121 0 120 2 140 14 250 196 260 244 
543 132 6 131 -2147483648 132 0 141 4 121 6 221 152 231 176 
544 133 6 132 -2147483648 133 0 122 3 142 5 222 148 112 169 
545 134 6 133 -2147483648 134 0 123 4 143 8 113 96 223 121 
546 124 6 134 -2147483648 124 0 135 1 144 18 234 172 114 177 
547 136 6 135 -2147483648 136 0 125 3 145 4 115 113 225 142 
548 137 6 136 -2147483648 137 0 146 1 126 9 116 166 226 178 
549 138 6 137 -2147483648 138 0 147 1 127 1 117 108 227 154 
550 139 6 138 -2147483648 139 0 128 1 148 5 228 171 118 172 
551 140 6 139 -2147483648 140 0 149 1 129 11 119 114 229 156 
552 131 6 140 -2147483648 131 0 130 4 150 8 120 162 230 188 
553 142 6 141 -2147483648 142 0 131 3 151 5 81 140 221 368 
554 143 6 142 -2147483648 143 0 132 1 152 4 82 63 222 216 
555 144 6 143 -2147483648 144 0 133 1 153 7 83 145 223 233 
556 145 6 144 -2147483648 145 0 134 1 154 9 84 72 224 256 
557 135 6 145 -2147483648 146 0 135 0 155 19 85 148 225 265 
558 147 6 146 -2147483648 147 0 136 5 156 11 86 71 226 247 
559 148 6 147 -2147483648 148 0 137 1 157 3 87 142 227 271 
560 149 6 148 -2147483648 149 0 138 3 158 3 88 76 228 239 
561 150 6 149 -2147483648 150 0 139 1 159 5 89 138 229 269 
562 141 6 150 -2147483648 141 0 140 3 160 3 90 33 230 256 
563 151 6 151 -2147483648 152 0 161 2 141 3 201 137 81 155 
564 152 6 152 -2147483648 153 0 142 2 162 4 82 124 202 206 
565 154 6 153 -2147483648 154 0 163 2 143 3 83 160 203 177 
566 155 6 154 -2147483648 155 0 144 1 164 2 84 128 204 210 
567 156 6 155 -2147483648 156 0 145 2 165 5 85 155 205 187 
568 146 6 156 -2147483648 157 0 146 0 166 20 86 133 206 197 
569 157 6 157 -2147483648 158 0 147 2 167 13 87 158 207 193 
570 158 6 158 -2147483648 159 0 148 4 168 6 88 139 208 217 
571 159 6 159 -2147483648 160 0 149 3 169 5 89 159 209 213 
572 160 6 160 -2147483648 151 0 150 7 170 10 90 96 210 257 
573 161 6 161 -2147483648 162 0 151 2 171 14 71 234 51 408 
574 162 6 162 -2147483648 163 0 152 1 172 2 72 279 52 361 
575 163 6 163 -2147483648 164 0 153 5 173 8 73 246 53 325 
576 164 6 164 -2147483648 165 0 174 4 154 4 74 282 54 357 
577 165 6 165 -2147483648 155 0 166 2 175 4 75 244 55 320 
578 156 6 166 -2147483648 167 0 156 0 176 5 76 269 56 350 
579 167 6 167 -2147483648 168 0 157 1 177 29 57 238 77 257 
580 168 6 168 -2147483648 169 0 158 4 178 23 78 275 58 356 
581 169 6 169 -2147483648 170 0 159 2 179 10 79 197 59 284 
582 170 6 170 -2147483648 161 0 160 1 180 7 80 281 60 365 
583 171 6 171 -2147483648 172 0 161 4 181 7 191 98 31 249 
584 172 6 172 -2147483648 173 0 162 6 182 28 192 80 42 119 
585 173 6 173 -2147483648 174 0 163 2 183 10 193 66 33 159 
586 174 6 174 -2147483648 175 0 164 4 184 5 194 85 44 138 
587 176 6 175 -2147483648 176 0 35 2 165 3 185 13 195 41 
588 166 6 176 -2147483648 177 0 166 0 46 1 186 5 196 75 
589 177 6 177 -2147483648 178 0 167 2 187 15 197 55 37 69 
590 178 6 178 -2147483648 179 0 168 4 188 48 48 71 198 101 
591 179 6 179 -2147483648 180 0 169 2 189 40 199 97 39 127 
592 180 6 180 -2147483648 171 0 170 4 190 14 50 102 200 125 
593 182 5 181 -2147483648 182 0 171 4 191 56 11 229 
594 183 6 182 -2147483648 183 0 172 4 192 4 12 242 2 303 
595 184 6 183 -2147483648 184 0 13 2 173 16 193 45 23 458 
596 185 6 184 -2147483648 185 0 174 8 194 14 24 213 14 266 
597 186 6 185 -2147483648 186 0 175 5 195 6 15 111 35 467 
598 187 6 186 -2147483648 187 0 176 6 196 11 16 270 26 300 
599 177 6 187 -2147483648 177 0 188 1 197 7 17 150 27 481 
600 189 6 188 -2147483648 189 0 178 2 198 8 18 305 28 356 
601 190 6 189 -2147483648 190 0 179 13 199 67 19 251 29 530 
602 181 6 190 -2147483648 181 0 180 3 200 50 20 322 30 398 
603 192 5 191 -2147483648 192 0 201 6 181 116 171 155 
604 193 6 192 -2147483648 193 0 182 4 202 42 172 56 2 555 
605 194 6 193 -2147483648 194 0 183 7 203 32 173 34 13 520 
606 195 5 194 -2147483648 195 0 184 6 204 71 174 80 
607 196 5 195 -2147483648 196 0 185 12 175 39 205 42 
608 197 5 196 -2147483648 197 0 186 1 206 31 176 66 
609 198 5 197 -2147483648 198 0 187 12 207 37 177 45 
610 188 5 198 -2147483648 188 0 199 1 208 25 178 47 
611 200 5 199 -2147483648 200 0 189 1 179 4 209 29 
612 191 5 200 -2147483648 191 0 190 32 180 96 210 127 
613 202 6 201 -2147483648 202 0 211 2 191 41 151 219 171 489 
614 203 6 202 -2147483648 203 0 192 8 212 8 152 149 172 408 
615 204 6 203 -2147483648 204 0 193 8 213 39 153 118 173 379 
616 205 6 204 -2147483648 205 0 194 7 214 23 154 143 174 401 
617 206 6 205 -2147483648 206 0 195 7 215 64 155 144 175 406 
618 207 6 206 -2147483648 207 0 196 3 216 32 156 135 176 398 
619 208 6 207 -2147483648 208 0 197 6 217 23 157 113 177 399 
620 209 6 208 -2147483648 209 0 198 6 218 33 158 123 178 400 
621 199 6 209 -2147483648 199 0 210 1 219 5 159 80 179 346 
622 201 6 210 -2147483648 201 0 200 4 220 16 160 93 180 357 
623 212 4 211 -2147483648 212 0 201 2 221 89 
624 213 5 212 -2147483648 213 0 202 5 222 17 142 494 
625 214 5 213 -2147483648 214 0 203 3 223 15 143 522 
626 215 5 214 -2147483648 215 0 204 3 224 46 144 487 
627 216 5 215 -2147483648 216 0 205 4 225 30 145 512 
628 217 5 216 -2147483648 217 0 206 10 226 63 146 506 
629 218 5 217 -2147483648 218 0 207 4 227 39 147 506 
630 219 5 218 -2147483648 219 0 208 6 228 32 148 486 
631 220 5 219 -2147483648 220 0 209 12 229 30 149 495 
632 210 5 220 -2147483648 210 0 211 2 230 3 150 443 
633 211 6 221 -2147483648 211 0 222 1 131 42 231 67 141 259 
634 223 6 222 -2147483648 223 0 212 4 232 62 132 69 142 141 
635 224 6 223 -2147483648 224 0 213 2 233 2 133 2 143 121 
636 225 6 224 -2147483648 225 0 214 3 234 8 134 42 144 118 
637 226 6 225 -2147483648 226 0 135 1 215 13 235 46 145 128 
638 227 6 226 -2147483648 227 0 216 8 236 15 136 32 146 97 
639 228 6 227 -2147483648 228 0 217 1 137 16 237 36 147 133 
640 229 6 228 -2147483648 229 0 218 10 238 23 138 27 148 97 
641 230 6 229 -2147483648 230 0 139 1 219 3 239 15 149 114 
642 221 6 230 -2147483648 221 0 240 13 220 17 140 21 150 94 
643 232 6 231 -2147483648 232 0 131 8 221 9 241 27 251 456 
644 222 6 232 -2147483648 233 0 222 0 132 49 242 52 252 477 
645 233 6 233 -2147483648 234 0 223 6 133 38 243 48 253 502 
646 234 6 234 -2147483648 235 1 244 2 224 4 134 13 254 434 
647 236 6 235 -2147483648 236 0 135 2 225 3 245 4 255 464 
648 237 6 236 -2147483648 237 0 226 5 136 27 246 46 256 433 
649 238 6 237 -2147483648 238 0 137 2 227 8 247 10 257 491 
650 239 6 238 -2147483648 239 0 228 4 248 30 138 32 258 450 
651 240 6 239 -2147483648 240 0 139 3 229 7 249 22 259 455 
652 231 6 240 -2147483648 231 0 230 6 250 7 140 17 260 444 
653 242 6 241 -2147483648 242 0 231 8 251 25 121 30 131 177 
654 243 6 242 -2147483648 243 0 232 15 122 20 252 44 132 216 
655 233 6 243 -2147483648 244 0 233 0 123 43 253 58 133 194 
656 244 6 244 -2147483648 245 0 234 4 124 24 254 53 134 232 
657 245 6 245 -2147483648 246 1 235 4 125 13 255 15 135 153 
658 247 6 246 -2147483648 247 0 236 8 256 25 126 26 136 219 
659 248 6 247 -2147483648 248 0 237 5 127 30 257 68 137 179 
660 249 6 248 -2147483648 249 0 128 9 238 11 258 27 138 209 
661 250 6 249 -2147483648 250 0 239 6 259 38 129 43 139 186 
662 241 6 250 -2147483648 241 0 240 6 130 11 260 35 140 208 
663 252 6 251 -2147483648 252 0 241 10 261 37 121 55 281 241 
664 253 6 252 -2147483648 253 0 242 3 122 15 262 20 282 213 
665 254 6 253 -2147483648 254 0 243 3 263 27 123 53 283 222 
666 255 6 254 -2147483648 255 0 244 1 124 15 264 47 284 225 
667 256 6 255 -2147483648 256 0 245 3 265 58 125 72 285 235 
668 126 6 256 -2147483648 126 0 246 1 257 2 266 19 286 210 
669 258 6 257 -2147483648 258 0 247 1 267 18 127 55 287 217 
670 259 6 258 -2147483648 259 0 248 14 128 27 268 93 288 267 
671 260 6 259 -2147483648 260 0 249 8 269 33 129 57 289 213 
672 251 6 260 -2147483648 251 0 250 7 130 31 270 46 290 326 
673 262 6 261 -2147483648 262 0 251 6 271 51 121 85 281 471 
674 263 6 262 -2147483648 263 0 252 18 272 49 122 68 282 466 
675 264 6 263 -2147483648 264 0 253 16 273 43 123 75 283 444 
676 265 6 264 -2147483648 265 0 254 4 274 40 124 49 284 459 
677 266 6 265 -2147483648 266 0 255 5 275 52 125 77 285 440 
678 267 6 266 -2147483648 267 0 256 5 276 55 126 80 286 490 
679 257 6 267 -2147483648 257 0 268 1 277 30 127 36 287 398 
680 269 6 268 -2147483648 269 0 258 9 278 34 128 65 288 505 
681 270 6 269 -2147483648 270 0 259 7 129 86 279 121 289 442 
682 261 6 270 -2147483648 261 0 260 6 280 55 130 56 290 551 
683 272 6 271 -2147483648 272 0 261 5 281 50 291 282 251 444 
684 273 6 272 -2147483648 273 0 262 3 282 37 292 188 252 448 
685 274 6 273 -2147483648 274 0 263 4 283 40 293 174 253 471 
686 275 6 274 -2147483648 275 0 264 4 284 23 294 145 254 427 
687 276 6 275 -2147483648 276 0 265 17 285 35 295 173 255 459 
688 277 6 276 -2147483648 277 0 266 3 286 35 296 132 256 409 
689 278 6 277 -2147483648 278 0 267 5 287 45 297 209 257 506 
690 268 6 278 -2147483648 268 0 279 3 288 15 298 105 258 378 
691 280 6 279 -2147483648 280 0 269 6 289 27 299 224 259 451 
692 271 6 280 -2147483648 271 0 270 12 290 133 300 165 260 447 
693 282 6 281 -2147483648 282 0 271 9 251 123 291 161 261 384 
694 283 6 282 -2147483648 283 0 272 9 292 77 252 137 262 392 
695 284 6 283 -2147483648 284 0 273 15 293 50 253 147 263 380 
696 285 6 284 -2147483648 285 0 274 13 294 54 254 136 264 413 
697 286 6 285 -2147483648 286 0 275 7 295 33 255 119 265 377 
698 287 6 286 -2147483648 287 0 276 12 296 44 256 121 266 415 
699 288 6 287 -2147483648 288 0 277 2 297 34 257 131 267 330 
700 289 6 288 -2147483648 289 0 278 7 298 68 258 141 268 463 
701 279 6 289 -2147483648 279 0 290 3 299 18 259 45 269 300 
702 281 6 290 -2147483648 281 0 280 11 300 39 260 121 270 386 
703 292 5 291 -2147483648 292 0 281 10 301 31 271 90 
704 293 5 292 -2147483648 293 0 282 11 272 94 302 202 
705 294 5 293 -2147483648 294 0 283 14 303 89 273 113 
706 295 5 294 -2147483648 295 0 284 16 304 46 274 97 
707 296 5 295 -2147483648 296 0 285 9 305 31 275 121 
708 297 5 296 -2147483648 297 0 286 13 306 31 276 78 
709 298 5 297 -2147483648 298 0 287 3 307 26 277 135 
710 299 5 298 -2147483648 299 0 288 3 308 22 278 32 
711 300 5 299 -2147483648 300 0 289 7 309 46 279 186 
712 290 5 300 -2147483648 290 0 291 1 280 4 310 10 
713 291 6 301 -2147483648 291 0 302 9 311 19 321 225 281 252 
714 303 6 302 -2147483648 303 0 292 18 312 43 282 351 322 495 
715 304 6 303 -2147483648 304 0 293 28 313 261 283 378 323 399 
716 305 5 304 -2147483648 305 0 294 34 314 131 284 396 
717 306 6 305 -2147483648 306 0 295 16 315 42 285 362 325 458 
718 307 6 306 -2147483648 307 0 296 21 316 54 326 396 286 408 
719 308 6 307 -2147483648 308 0 297 14 317 25 327 321 287 334 
720 309 6 308 -2147483648 309 0 298 24 318 27 328 386 288 418 
721 310 6 309 -2147483648 310 0 299 13 319 28 329 280 289 300 
722 301 6 310 -2147483648 301 0 300 15 320 33 330 424 290 467 
723 312 4 311 -2147483648 312 0 301 16 321 47 
724 302 6 312 -2147483648 302 0 313 9 322 32 332 347 292 476 
725 314 4 313 -2147483648 314 0 303 4 323 29 
726 315 5 314 -2147483648 315 0 304 17 324 332 334 540 
727 316 4 315 -2147483648 316 0 305 11 325 164 
728 317 4 316 -2147483648 317 0 306 9 326 58 
729 318 5 317 -2147483648 318 0 307 13 327 56 337 524 
730 319 5 318 -2147483648 319 0 308 10 328 38 338 408 
731 320 5 319 -2147483648 320 0 309 9 329 29 339 521 
732 311 6 320 -2147483648 311 0 310 3 330 29 340 393 300 541 
733 322 6 321 -2147483648 322 0 311 6 331 23 301 181 341 216 
734 323 6 322 -2147483648 323 0 312 34 332 73 302 454 342 477 
735 313 6 323 -2147483648 313 0 324 12 333 18 303 113 343 146 
736 325 6 324 -2147483648 325 0 314 24 334 35 304 240 344 547 
737 326 6 325 -2147483648 326 0 315 13 305 276 335 378 345 440 
738 327 5 326 -2147483648 327 0 316 21 336 194 306 314 
739 328 6 327 -2147483648 328 0 317 29 337 65 307 282 347 537 
740 329 6 328 -2147483648 329 0 318 25 338 26 308 356 348 428 
741 330 6 329 -2147483648 330 0 319 29 339 45 309 261 349 287 
742 321 6 330 -2147483648 321 0 320 26 340 53 310 391 350 425 
743 332 5 331 -2147483648 332 0 321 6 341 38 311 528 
744 333 6 332 -2147483648 333 0 322 7 342 26 312 283 352 339 
745 334 4 333 -2147483648 334 0 323 14 343 50 
746 324 6 334 -2147483648 324 0 335 1 344 20 314 197 354 216 
747 336 6 335 -2147483648 336 0 325 9 345 48 315 321 305 484 
748 337 5 336 -2147483648 337 0 326 25 316 411 346 497 
749 338 5 337 -2147483648 338 0 327 75 347 315 317 507 
750 339 5 338 -2147483648 339 0 328 31 348 103 318 400 
751 340 5 339 -2147483648 340 0 329 28 349 62 319 504 
752 331 6 340 -2147483648 331 0 330 25 350 61 320 362 360 439 
753 342 6 341 -2147483648 342 0 331 39 351 60 321 200 361 539 
754 343 5 342 -2147483648 343 0 332 53 352 77 322 438 
755 344 6 343 -2147483648 344 0 353 13 333 18 323 110 363 440 
756 345 5 344 -2147483648 345 0 334 28 354 43 324 520 
757 335 6 345 -2147483648 335 0 325 23 346 34 355 38 365 380 
758 347 5 346 -2147483648 347 0 336 12 356 41 326 153 
759 348 4 347 -2147483648 348 0 337 29 327 261 
760 349 5 348 -2147483648 349 0 338 28 328 358 358 383 
761 350 5 349 -2147483648 350 0 339 31 359 83 329 239 
762 341 5 350 -2147483648 341 0 340 46 360 103 330 382 
763 352 5 351 -2147483648 352 0 341 38 361 69 331 538 
764 353 6 352 -2147483648 353 0 362 50 342 56 332 345 372 440 
765 354 4 353 -2147483648 354 0 343 49 363 67 
766 355 6 354 -2147483648 355 0 344 30 364 47 334 211 374 334 
767 356 4 355 -2147483648 356 0 345 36 365 78 
768 346 6 356 -2147483648 346 0 357 8 366 24 336 80 376 213 
769 358 5 357 -2147483648 358 0 347 18 367 101 337 239 
770 359 4 358 -2147483648 359 0 348 37 338 328 
771 360 5 359 -2147483648 360 0 349 63 339 514 369 527 
772 351 5 360 -2147483648 351 0 350 17 370 125 340 338 
773 362 5 361 -2147483648 362 0 351 108 371 247 341 556 
774 363 4 362 -2147483648 363 0 372 106 352 121 
775 364 6 363 -2147483648 364 0 373 29 353 29 383 409 343 438 
776 365 4 364 -2147483648 365 0 354 34 374 56 
777 366 6 365 -2147483648 366 0 375 26 355 42 385 310 345 342 
778 367 4 366 -2147483648 367 0 356 33 376 51 
779 357 6 367 -2147483648 357 0 377 4 368 7 347 160 387 232 
780 369 6 368 -2147483648 369 0 358 13 378 78 348 336 338 527 
781 370 4 369 -2147483648 370 0 359 36 349 502 
782 361 3 370 -2147483648 361 0 360 56 
783 372 3 371 -2147483648 372 0 361 57 
784 373 5 372 -2147483648 373 0 362 54 382 265 352 459 
785 374 4 373 -2147483648 374 0 363 53 383 61 
786 375 6 374 -2147483648 375 0 364 64 384 77 354 329 394 459 
787 376 4 375 -2147483648 376 0 385 37 365 56 
788 377 6 376 -2147483648 377 0 366 18 386 26 356 189 396 357 
789 378 4 377 -2147483648 378 0 367 44 387 88 
790 368 6 378 -2147483648 368 0 379 17 388 21 358 29 398 310 
791 380 5 379 -2147483648 380 0 369 1 389 76 359 126 
792 371 4 380 -2147483648 371 0 370 63 360 419 
793 382 4 381 -2147483648 382 0 371 62 361 347 
794 383 3 382 -2147483648 383 0 372 67 
795 384 6 383 -2147483648 384 0 393 37 373 77 363 449 403 485 
796 385 4 384 -2147483648 385 0 394 77 374 114 
797 386 6 385 -2147483648 386 0 395 30 375 40 365 343 405 420 
798 387 4 386 -2147483648 387 0 376 56 396 61 
799 388 6 387 -2147483648 388 0 377 26 397 41 367 210 407 354 
800 389 4 388 -2147483648 389 0 378 12 398 83 
801 379 6 389 -2147483648 379 0 390 3 369 35 399 43 359 205 
802 381 6 390 -2147483648 381 0 380 30 370 137 400 150 360 538 
803 392 6 391 -2147483648 392 0 381 23 401 111 371 117 361 502 
804 393 3 392 -2147483648 393 0 382 388 
805 394 4 393 -2147483648 394 0 403 37 383 147 
806 395 4 394 -2147483648 395 0 404 62 384 168 
807 396 4 395 -2147483648 396 0 405 73 385 115 
808 397 5 396 -2147483648 397 0 406 51 386 59 376 385 
809 398 4 397 -2147483648 398 0 407 64 387 102 
810 399 5 398 -2147483648 399 0 388 18 408 47 378 236 
811 400 4 399 -2147483648 400 0 389 21 409 70 
812 390 6 400 -2147483648 390 0 391 22 410 41 380 46 370 153 
813 391 6 401 -2147483648 391 0 381 33 402 35 211 57 371 227 
814 403 2 402 -2147483648 403 0 
815 404 3 403 -2147483648 404 0 393 56 
816 405 3 404 -2147483648 405 0 394 54 
817 406 4 405 -2147483648 406 0 395 73 385 505 
818 407 3 406 -2147483648 407 0 396 62 
819 408 4 407 -2147483648 408 0 397 65 387 416 
820 409 3 408 -2147483648 409 0 398 98 
821 410 4 409 -2147483648 410 0 399 28 389 233 
822 401 3 410 -2147483648 401 0 400 70 
823 412 2 411 -2147483648 412 0 
824 412 5 412 -2147483648 402 0 392 5 382 45 372 402 
-1
EOF
