NAME : KAGGLE suma costos desde 9 a 12 328  
TYPE : ATSP
DIMENSION : 22
EDGE_WEIGHT_TYPE: EXPLICIT
EDGE_WEIGHT_FORMAT: FULL_MATRIX 
EDGE_WEIGHT_SECTION
100 1000000 1000000 1000000 1000000 1000000 1000000 1000000 1000000 0 109 1000000 1000000 1000000 1000000 1000000 1000000 1000000 1000000 1000000 1000000 1000000
0 100 1000000 1000000 1000000 1000000 1000000 1000000 1000000 1000000 1000000 110 1000000 1000000 1000000 1000000 1000000 1000000 1000000 1000000 1000000 1000000
1000000 0 100 1000000 1000000 1000000 1000000 1000000 1000000 1000000 1000000 1000000 109 1000000 1000000 1000000 1000000 1000000 1000000 1000000 1000000 116
1000000 1000000 0 100 1000000 1000000 1000000 1000000 1000000 1000000 1000000 1000000 1000000 109 1000000 1000000 1000000 1000000 1000000 1000000 1000000 1000000
1000000 1000000 1000000 0 100 1000000 1000000 1000000 1000000 1000000 1000000 1000000 1000000 1000000 109 1000000 1000000 1000000 1000000 1000000 1000000 1000000
1000000 1000000 1000000 1000000 0 100 1000000 1000000 1000000 1000000 1000000 1000000 1000000 1000000 1000000 109 1000000 1000000 1000000 1000000 1000000 1000000
1000000 1000000 1000000 1000000 1000000 0 100 1000000 1000000 1000000 1000000 1000000 1000000 1000000 1000000 1000000 109 1000000 1000000 1000000 1000000 1000000
1000000 1000000 1000000 1000000 1000000 1000000 0 100 1000000 1000000 1000000 1000000 1000000 1000000 1000000 1000000 1000000 109 1000000 1000000 1000000 1000000
1000000 1000000 1000000 1000000 1000000 1000000 1000000 0 100 1000000 1000000 1000000 1000000 1000000 1000000 1000000 1000000 1000000 109 1000000 1000000 1000000
1000000 1000000 1000000 1000000 1000000 1000000 1000000 1000000 0 100 1000000 1000000 1000000 1000000 1000000 1000000 1000000 1000000 1000000 109 1000000 1000000
109 1000000 1000000 1000000 1000000 1000000 1000000 1000000 1000000 1000000 100 1000000 1000000 1000000 1000000 1000000 1000000 1000000 1000000 0 1000000 1000000
1000000 110 1000000 1000000 1000000 1000000 1000000 1000000 1000000 1000000 0 100 1000000 1000000 1000000 1000000 1000000 1000000 1000000 1000000 1000000 1000000
1000000 1000000 109 1000000 1000000 1000000 1000000 1000000 1000000 1000000 1000000 0 100 1000000 1000000 1000000 1000000 1000000 1000000 1000000 1000000 109
1000000 1000000 1000000 109 1000000 1000000 1000000 1000000 1000000 1000000 1000000 1000000 0 100 1000000 1000000 1000000 1000000 1000000 1000000 1000000 1000000
1000000 1000000 1000000 1000000 109 1000000 1000000 1000000 1000000 1000000 1000000 1000000 1000000 0 100 1000000 1000000 1000000 1000000 1000000 1000000 1000000
1000000 1000000 1000000 1000000 1000000 109 1000000 1000000 1000000 1000000 1000000 1000000 1000000 1000000 0 100 1000000 1000000 1000000 1000000 1000000 1000000
1000000 1000000 1000000 1000000 1000000 1000000 109 1000000 1000000 1000000 1000000 1000000 1000000 1000000 1000000 0 100 1000000 1000000 1000000 1000000 1000000
1000000 1000000 1000000 1000000 1000000 1000000 1000000 109 1000000 1000000 1000000 1000000 1000000 1000000 1000000 1000000 0 100 1000000 1000000 1000000 1000000
1000000 1000000 1000000 1000000 1000000 1000000 1000000 1000000 109 1000000 1000000 1000000 1000000 1000000 1000000 1000000 1000000 0 100 1000000 1000000 1000000
1000000 1000000 1000000 1000000 1000000 1000000 1000000 1000000 1000000 109 1000000 1000000 1000000 1000000 1000000 1000000 1000000 1000000 0 100 1000000 1000000
109 1000000 1000000 1000000 1000000 1000000 1000000 1000000 1000000 1000000 118 1000000 1000000 1000000 1000000 1000000 1000000 1000000 1000000 1000000 1000000 1000000
1000000 1000000 1000000 1000000 1000000 1000000 1000000 1000000 1000000 1000000 1000000 1000000 1000000 1000000 1000000 1000000 1000000 1000000 1000000 1000000 0 1000000
