0
100
200
pivot 134227 134828 1516314.753550 7.626855
300
400
pivot 186207 187457 1516311.659854 5.194279
pivot 186207 187456 1516309.840211 9.546653
500
600
700
800
900
1000
1100
1200
pivot 13187 16326 1516309.732726 10.389736
pivot 144201 148074 1516307.301078 8.511355
pivot 144201 148075 1516299.884384 8.003522
1300
1400
1500
1600
1700
1800
pivot 180057 181506 1516291.939458 5.819426
pivot 51534 54385 1516289.599312 6.507643
1900
pivot 55735 58375 1516287.583300 6.396367
2000
2100
2200
2300
pivot 132093 132664 1516287.297980 7.536744
pivot 164727 167915 1516285.026445 7.512488
2400
pivot 34769 35852 1516283.367140 15.046838
2500
90000
2600
pivot 52452 56882 1516277.076171 7.152190
90000
2700
pivot 175482 176495 1516277.018360 6.658012
2800
2900
3000
pivot 144417 147170 1516268.883183 22.577758
3100
3200
3300
3400
3500
3600
pivot 189345 191720 1516267.320071 5.302635
3700
3800
3900
4000
50000
4100
120000
4200
pivot 192081 196097 1516264.743353 5.085350
4300
pivot 10941 12933 1516263.901872 10.600555
4400
pivot 32621 33338 1516263.066420 5.040490
pivot 32621 33337 1516260.364329 5.183934
4500
4600
4700
pivot 123108 123109 1516260.071841 9.325039
4800
4900
5000
pivot 110133 111392 1516259.737730 8.389965
5100
100000
pivot 27618 27619 1516259.474876 7.983914
5200
5300
5400
pivot 172408 172409 1516258.998416 10.745814
5500
5600
5700
5800
5900
6000
6100
6200
pivot 85398 85399 1516258.848836 8.902811
6300
6400
30000
6500
6600
6700
6800
60000
6900
pivot 65134 68369 1516257.087652 7.634242
pivot 91402 93378 1516256.502730 5.435466
7000
7100
7200
7300
7400
pivot 20548 20549 1516256.414794 6.293679
7500
7600
160000
7700
7800
7900
8000
8100
8200
170000
180000
20000
8300
8400
50000
8500
8600
pivot 131359 131955 1516256.215122 6.139489
8700
8800
8900
9000
9100
110000
9200
9300
pivot 121665 124359 1516250.475480 37.240829
9400
9500
9600
9700
9800
9900
pivot 131968 131969 1516250.234447 4.083720
10000
10100
10200
10300
10400
10500
10600
10700
170000
10800
10900
pivot 63007 64213 1516249.742678 9.223805
11000
11100
pivot 188488 191345 1516244.604395 5.678502
11200
11300
pivot 44150 46912 1516243.260245 8.018254
11400
11500
pivot 131438 136102 1516242.759837 21.603932
11600
11700
80000
11800
11900
12000
12100
12200
12300
12400
12500
12600
12700
12800
12900
13000
13100
pivot 159027 159598 1516241.301853 7.105077
13200
110000
13300
13400
pivot 62050 63867 1516238.448021 5.391808
pivot 190896 195456 1516228.287557 9.519064
13500
40000
13600
13700
pivot 70459 71860 1516227.602753 5.700274
13800
pivot 157915 161951 1516225.417387 11.427984
13900
14000
14100
14200
14300
14400
14500
pivot 94551 96603 1516222.678353 4.725449
14600
14700
14800
14900
15000
50000
15100
15200
15300
15400
15500
15600
15700
15800
15900
16000
190000
16100
16200
16300
16400
16500
150000
16600
16700
16800
16900
17000
17100
17200
17300
17400
17500
17600
17700
17800
pivot 1516222.678353
Score of old path: 1516315.242534
Score of new path: 1516222.678353