86400 10 30
1517733.120490
1517745.439747
1517659.240515
1517869.055891
1517651.706648
1517567.734564
1517799.978906
1517689.676075
1517765.513957
1517728.517397
1517714.654784
1517709.304691
1517715.621323
1517801.629156
1517668.037985
1517831.222735
1517630.650649
1517660.005144
1517764.882782
1517732.673048
1517870.782876
1517742.217623
1517637.301533
1517764.149272
1517891.763982
1517736.014791
1517620.870322
1517696.724073
1517774.474994
1517626.691645
172800 10 30
1517733.120490
1517745.439747
1517659.240515
1517869.055891
1517651.706648
1517567.734564
1517799.978906
1517689.676075
1517762.603341
1517728.517397
1517714.654784
1517709.304691
1517715.621323
1517801.629156
1517668.037985
1517831.222735
1517775.371803
1517660.005144
1517764.882782
1517732.673048
1517870.782876
1517742.217623
1517637.301533
1517764.149272
1517891.763982
1517736.014791
1517620.870322
1517696.724073
1517774.474994
1517626.691645
345600 10 10
1517733.120490
1517745.439747
1517659.240515
1517869.055891
1517651.706648
1517567.734564
1517799.978906
1517689.676075
1517763.571096
1517728.517397
345600 20 10
1517853.057255
1517827.556720
1517883.231562
1517807.519830
1517823.299625
1517861.117849
1517932.696182
1517881.459871
1517835.385998
1517875.487138
691200 10 10
1517733.120490
1517745.439747
1517659.240515
1517869.055891
1517651.706648
1517567.734564
1517799.978906
1517689.676075
1517765.513957
1517728.517397
691200 30 10
1517764.319800
1517904.111018
1517746.713162
1517812.910061
1517851.553181
1517756.797705
1517877.316029
1517945.677967
1517837.402011
1517875.491491
1382400 10 10
1517733.120490
1517745.439747
1517659.240515
1517869.055891
1517651.706648
1517567.734564
1517799.978906
1517689.676075
1517762.411010
1517728.517397
1382400 30 10
1517764.319800
1517904.111018
1517746.713162
1517812.910061
1517881.775446
1517756.797705
1517877.316029
1517945.677967
1517837.402011
1517875.491491
1382400 50 10
1517757.669084
1517931.115140
1517761.921002
1517827.200025
1517849.792934
1517800.501986
1517893.644014
1517918.946712
1517875.347964
1517889.340238
1900800 10 10
1517733.120490
1517745.439747
1517659.240515
1517869.055891
1517651.706648
1517567.734564
1517799.978906
1517689.676075
1517761.272403
1517728.517397
1900800 30 10
1517764.319800
1517904.111018
1517746.713162
1517812.910061
1517917.931698
1517756.797705
1517874.359004
1517945.677967
1517837.402011
1517877.565978
1900800 50 10
1517757.669084
1517931.115140
1517761.921002
1517827.200025
1517849.792934
1517800.501986
1517893.644014
1517918.946712
1517875.347964
1517889.340238
2073600 50 10
1517757.669084
1517931.115140
1517761.921002
1517827.200025
1517849.792934
1517800.501986
1517893.644014
1517918.946712
1517875.347964
1517889.340238
